0.002826850641445165
0.0028911217179812244
0.003084757307568042
0.0034101696863631944
0.0038711977834431912
0.0044728389913538955
0.005220882221319361
0.006121451383881724
0.007180471910328106
0.008403076755827719
0.009792972412146174
0.011351789580367474
0.013078447000643608
0.014968560129999559
0.017013928489369654
0.019202136159300748
0.021516298727934077
0.023934986712196626
0.026432349940601278
0.028978459623261083
0.03153987504497524
0.034080430393765807
0.03656222475226009
0.03894678545552927
0.041196362684604235
0.043275302195167245
0.045151434330946025
0.04679741170566681
0.0481919257631344
0.04932073423452168
0.050177437441279844
0.05076395129881552
0.051090638339484865
0.05117607441701483
0.051046447088884415
0.050734600956149435
0.05027876434730392
0.049721009533876655
0.04910551409958618
0.04847670322820713
0.04787736079728833
0.047346800769160514
0.04691918921915934
0.046622101460741576
0.04647538840156482
0.04649041201069237
0.0466696923120323
0.047006988518461815
0.04748781577171752
0.04809037750329725
0.04878687274012502
0.04954511876497742
0.05033041333823585
0.05110754799676163
0.05184287540200713
0.05250632974909526
0.053073300088377795
0.05352626203796607
0.053856083538371
0.05406293456188245
0.054156748392340234
0.05415720243232673
0.05409320855744412
0.054001925836271426
0.053927330963560983
0.05391840302942804
0.05402699834556052
0.054305507139355336
0.05480439629201425
0.0555697503525488
0.056640926365896786
0.05804843632343591
0.059812164155813814
0.061940012195591206
0.06442705518685118
0.06725525866510687
0.07039379355137249
0.07379995100950726
0.07742063214649998
0.08119435734298387
0.08505371140816496
0.08892811498761118
0.09274679135932885
0.09644178248717676
0.09995086030131445
0.10322017964483282
0.1062065287111353
0.10887905109691022
0.11122034020254047
0.11322684039673794
0.11490852831378538
0.11628788956792206
0.11739824839889502
0.11828154748770335
0.1189857096273359
0.11956173958742063
0.12006074133340255
0.12053103136113538
0.12101552268223269
0.12154953619657548
0.12215916792764137
0.12286030377527274
0.12365833061328273
0.12454854673871699
0.12551722910211424
0.12654327261850534
0.12760028109662966
0.12865896233408808
0.12968966341556076
0.13066487710515248
0.13156155645551343
0.13236309153131812
0.13306082787834056
0.1336550388857755
0.13415530092571304
0.13458025838945664
0.13495680282933092
0.13531872399596878
0.13570491873067309
0.1361572650995018
0.13671828313544684
0.13742870999680118
0.13832511670595465
0.13943768678107574
0.14078826516881102
0.14238877020462426
0.1442400431160078
0.1463311899407987
0.1486394505265917
0.15113060911267964
0.15375994122860615
0.15647367243515517
0.15921090583843997
0.16190595737221866
0.164491020704701
0.16689906759076528
0.1690668750820129
0.170938058971161
0.17246598411305147
0.17361641786468446
0.17436979384439363
0.17472296040702645
0.17469030227148433
0.17430414482251774
0.1736143784494998
0.17268727404418638
0.17160349907228906
0.17045538457815362
0.16934353480086825
0.16837291024660017
0.16764854947554733
0.16727112204295946
0.1673325228183718
0.16791172462712403
0.16907110079041543
0.1708534114141203
0.17327961772999384
0.17634764876960435
0.1800321962414
0.18428555940471583
0.18903950517643922
0.194208053112916
0.19969104376016356
0.20537830543138444
0.2111542015850107
0.21690232082545077
0.22251006550482677
0.22787290341379263
0.23289806958619544
0.23750754033042093
0.24164014691168512
0.2452527488265446
0.24832044284369473
0.2508358402282966
0.2528074971736782
0.2542576291153845
0.25521927554885865
0.2557331062274465
0.2558440710873162
0.25559809478113693
0.2550390030735457
0.2542058441499751
0.2531307353649792
0.2518373278035603
0.2503399401580358
0.24864337271542702
0.2467433743388954
0.24462770240982223
0.2422776894036977
0.23967021108623537
0.23677994055764723
0.23358176924380053
0.23005327960279154
0.22617716354775394
0.2219434938850526
0.21735177182832577
0.21241269030971455
0.20714956897409387
0.20159943128289795
0.19581370628129152
0.18985854687813547
0.183814762907649
0.17777737108341296
0.17185476580580636
0.16616751544118108
0.16084678907522298
0.1560324197987834
0.15187061318369338
0.1485113144551722
0.14610525542758135
0.14480071269542372
0.1447400216692791
0.14605590626661127
0.14886770052094442
0.1532775548816673
0.15936673515428165
0.16719213438908537
0.17678312610187089
0.1881388897016094
0.20122633490304445
0.2159787406306904
0.23229520540099188
0.2500409808930282
0.2690487294470129
0.2891207111461865
0.3100318689404353
0.33153374322272827
0.3533591127137381
0.37522722865952124
0.39684948608579085
0.4179353605572018
0.4381984323004571
0.4573623217004906
0.4751663704043523
0.4913709192844925
0.5057620565688924
0.5181557345172512
0.5284011790462454
0.5363835418059721
0.5420257668947497
0.545289663714929
0.5461761930696658
0.5447249857277525
0.5410131220946625
0.5351532094209516
0.5272908003883747
0.5176012050840083
0.5062857581431529
0.4935676145807795
0.47968716133252987
0.4648971459946697
0.44945763837568375
0.4336309525749833
0.4176766655629899
0.4018468709296523
0.3863818022251619
0.37150594833858247
0.3574247635771857
0.34432204825439217
0.33235804318281165
0.32166824568342334
0.312362918215058
0.30452722636411705
0.2982219135006862
0.2934843973278937
0.29033016063629363
0.2887543058302722
0.28873315031786917
0.29022575683013857
0.2931753175106343
0.2975103408759002
0.3031456237505563
0.3099830231229708
0.31791207276593003
0.3268105140115142
0.3365448274311703
0.3469708612378876
0.35793465265774643
0.36927353071895164
0.3808175739291823
0.3923914756932706
0.4038168458890101
0.41491495067849615
0.42550986618583375
0.43543199665530913
0.4445218852858419
0.452634226878071
0.45964197609979274
0.4654404336243941
0.4699511844631404
0.47312575824362746
0.47494887975912914
0.47544117972390243
0.4746612403882342
0.4727068587427715
0.4697154218557111
0.4658633048652232
0.4613642226488712
0.4564664913719165
0.4514491858282142
0.44661721218965944
0.4422953525039206
0.438821375648115
0.4365383477493987
0.4357863114071595
0.43689353543509735
0.4401675634530393
0.4458863089596061
0.4542894553973363
0.4655704215827369
0.4798691456512484
0.49726592479241716
0.5177765243539707
0.5413487394682155
0.5678605564039577
0.5971200205420277
0.6288668742393586
0.6627759817144084
0.6984625100970291
0.7354887864703092
0.7733727006431681
0.8115974732651641
0.849622559807594
0.8868954144317728
0.9228637959118181
0.9569882631193412
0.9887544829832574
1.017684962255813
1.0433498185280843
1.0653762277808627
1.0834562263435668
1.0973526041384767
1.1069027016448099
1.1120200116761658
1.1126935839302574
1.1089853293229501
1.1010254157035082
1.089006029970854
1.0731738477895199
1.0538215961928548
1.0312791132709451
1.005904301892107
0.9780743422642233
0.9481774745104132
0.9166055925209525
0.883747810632063
0.849985082261671
0.8156858714786271
0.7812028107635864
0.7468702257107614
0.7130023730865195
0.6798922234631141
0.6478106225703439
0.6170056838177265
0.5877022941024459
0.5601016512546357
0.5343807893494729
0.5106920831226729
0.48916275124808206
0.46989439789482856
0.45296264179811696
0.4384168824544287
0.42628024558696304
0.41654973719574767
0.40919662025649245
0.4041670134475335
0.40138269977589536
0.4007421265413108
0.4021215776826307
0.40537650512301293
0.41034301620562535
0.41683952780287303
0.42466861174323955
0.4336190681562301
0.44346827063701827
0.453984827684976
0.464931597314351
0.4760690756344565
0.48715915612126426
0.49796922580182473
0.5082765300407873
0.5178727020658637
0.5265683201358
0.5341973276820784
0.5406211328632705
0.5457321961598246
0.5494569194540604
0.5517576680222325
0.5526337874745579
0.5521215193344456
0.5502927691477946
0.547252736532967
0.5431364737321616
0.5381044941408065
0.5323376012336689
0.526031147944595
0.5193889642179704
0.5126172043093812
0.5059183646188429
0.49948570756299
0.49349829839963566
0.48811682207505863
0.4834802988765263
0.4797037642760893
0.4768769234714069
0.4750637384202893
0.47430285805645683
0.4746087638292462
0.47597347502747656
0.4783686430045825
0.48174786097989347
0.4860490261664949
0.491196612280578
0.49710374093179993
0.5036739772535386
0.5108028152572279
0.5183788584576182
0.5262847380666794
0.5343978415767018
0.5425909464911897
0.5507328657013645
0.5586892117975213
0.5663233776146279
0.5734978105976712
0.5800756309814419
0.585922610780745
0.5909094950526187
0.5949146118431056
0.5978266855760417
0.5995477429272099
0.5999959824283009
0.5991084704095749
0.5968435268561495
0.5931826749441069
0.5881320463202442
0.5817231588716633
0.5740130126672955
0.5650834806253753
0.55504000099612
0.5440096069326146
0.5321383526716864
0.5195882151242263
0.50653356354088
0.49315729850735923
0.4796467654539443
0.46618954810291224
0.45296924496796026
0.4401613282951276
0.4279291806504254
0.4164204003547376
0.40576346337837615
0.396064825945113
0.38740654837738936
0.3798445157660525
0.37340732384334335
0.36809588796965803
0.36388381860084
0.3607185875269413
0.358523485587429
0.35720034504209675
0.3566329694355046
0.3566911822526656
0.3572353749114853
0.3581214068562058
0.3592056878810218
0.3603502572763356
0.3614276674814151
0.3623254825887995
0.36295021452402876
0.36323054152829803
0.36311968350538437
0.3625968450584068
0.3616676773955872
0.36036375224711437
0.35874108200999955
0.3568777582257352
0.35487081328270903
0.35283243652927215
0.3508856949859526
0.34915992035641136
0.3477859283917415
0.34689123461557597
0.34659542298813045
0.34700581239587347
0.3482135509658953
0.3502902510107669
0.35328525855373594
0.35722363124775897
0.36210487724962764
0.36790248528063896
0.3745642527305351
0.3820133943961049
0.39015038967635285
0.39885550145988397
0.4079918765396391
0.41740911644105433
0.4269471904683998
0.43644055096563333
0.4457223054569363
0.4546283022934199
0.4630009959525919
0.4706929748305854
0.47757005716966433
0.48351388799147793
0.48842399939988096
0.4922193259526274
0.49483919354964917
0.49624382228246205
0.4964143992823815
0.4953527858470154
0.49308092388189984
0.48964000066026764
0.4850894195088798
0.47950560925842683
0.47298068944870564
0.46562099367156856
0.4575454421293301
0.4488837480386319
0.4397744417922873
0.43036270190780485
0.42079799208852586
0.41123151790385903
0.4018135329061453
0.39269054047798
0.38400245242975956
0.3758797767204291
0.3684409135210486
0.3617896406542089
0.35601286633258405
0.3511787197722798
0.34733503978873853
0.34450830924508996
0.34270307057015664
0.34190184563452997
0.34206557280945454
0.3431345652640577
0.3450299871702931
0.3476558376920659
0.3509014253130989
0.35464430596383506
0.35875364642267893
0.36309395884568413
0.3675291328598196
0.3719266690043231
0.3761619927663923
0.3801227040970473
0.3837125957358449
0.3868552578493591
0.3894970793126429
0.3916094599832428
0.3931900653730821
0.3942629860552637
0.39487770858777727
0.3951068610386203
0.395042761448178
0.3947928677731805
0.3944742982362087
0.39420765635642907
0.3941104500866563
0.3942904347335399
0.3948392309006696
0.39582656903984853
0.3972954903115648
0.3992587899741143
0.4016969267077171
0.4045575428849838
0.40775665178160714
0.4111814538756257
0.4146946518969855
0.41814004926975235
0.42134914460585227
0.4241483805789177
0.42636667216577556
0.42784282872379203
0.428432496903127
0.42801428562569266
0.42649478751933184
0.42381227932043025
0.4199389620475303
0.41488168493200767
0.4086811798278248
0.40140991007809734
0.39316870520162367
0.38408240679495237
0.37429478932819715
0.3639630408198391
0.3532520926444039
0.34232907596493717
0.33135815640536814
0.3204959611970972
0.30988776721307754
0.29966456730770646
0.289941079444556
0.2808147112064965
0.27236544402747
0.26465655892304996
0.257736090106234
0.2516388655426563
0.2463889745610944
0.242002491952785
0.2384902850618956
0.23586073443865924
0.23412220882191448
0.2332851506515168
0.23336364816848704
0.23437639375247105
0.2363469549215958
0.2393033139407701
0.2432766638618769
0.24829948262384585
0.2544029420000623
0.2616137438812843
0.26995051149322624
0.2794198961846913
0.29001258956464254
0.3016994539387406
0.31442799900696977
0.3281194375237549
0.34266654529167156
0.35793253021571125
0.37375108072558805
0.389927716178227
0.4062425024490962
0.4224541274531716
0.4383052574274168
0.4535290198535815
0.4678563877727579
0.48102417791341
0.492783326187591
0.5029070726579774
0.5111986769178037
0.5174982954756254
0.5216886851877087
0.5236994494550827
0.5235096137486515
0.521148399744033
0.5166941577182307
0.5102715091501443
0.5020468398739445
0.4922223632258719
0.4810290377371535
0.4687186714832172
0.4555555729393666
0.4418081152704233
0.4277405679610284
0.41360551842950277
0.39963715969736535
0.3860456620490249
0.37301278113774955
0.3606887865587909
0.3491907277466092
0.33860199195715734
0.32897305521431275
0.32032328377262925
0.3126436123305508
0.3058999064720629
0.30003681032234314
0.29498188512732193
0.29064985875384536
0.28694682786232606
0.28377428137278515
0.28103284339099827
0.2786256636311059
0.2764614114413111
0.27445685403661196
0.2725390191323407
0.27064695601741023
0.268733116893188
0.2667643822396501
0.2647227507491444
0.26260570711203735
0.26042627111396455
0.25821272081456165
0.25600797283713894
0.25386859579295834
0.2518634301988977
0.25007179120090833
0.24858123979622995
0.2474849242770909
0.24687851585046136
0.24685678967312916
0.2475099330522912
0.24891969388730928
0.2511555117305313
0.25427079808125785
0.2582995487179275
0.26325347639968283
0.26911984516500126
0.2758601666764091
0.28340988468128875
0.2916791269849
0.30055454789571395
0.3099022215390855
0.31957148222828574
0.3293995472128355
0.3392167046346672
0.3488518100427664
0.358137812102018
0.36691702465682546
0.37504587897090175
0.3823989259207915
0.3888719106051885
0.3943838071337374
0.39887777396592095
0.40232106404441864
0.4047039929015774
0.40603812612542867
0.406353890240391
0.40569783481359334
0.4041297768299588
0.4017200413900076
0.39854697774813536
0.39469488044541
0.3902523868766231
0.38531136089214424
0.3799662129724006
0.3743135567227418
0.36845206358356813
0.3624823560455851
0.3565067759819189
0.35062887889487754
0.3449525351821544
0.3395805627521345
0.33461286714778604
0.3301441207906088
0.326261066859798
0.3230395807950531
0.32054165928542333
0.3188125297636013
0.31787808102206305
0.31774280713511793
0.31838843328496436
0.3197733554298531
0.32183297906657526
0.32448098934443265
0.32761152953463313
0.331102211394195
0.334817833016146
0.3386146404728196
0.34234494129622134
0.34586186204574654
0.34902403937499993
0.3517000436764264
0.35377235526295076
0.35514074315352484
0.3557249333715448
0.3554664944550622
0.35432990975467643
0.35230284633540915
0.3493956665047532
0.34564025824098316
0.3410882837611272
0.33580896045784037
0.3298864954073515
0.3234172941640624
0.3165070576732836
0.3092678692862668
0.3018153587024389
0.2942660128944989
0.28673468728526735
0.27933235498486364
0.2721641187522028
0.26532750008789113
0.25891101263594496
0.2529930226086786
0.24764089666603195
0.24291043677030097
0.23884560109578593
0.23547850922599828
0.23282972788792766
0.23090882985544733
0.22971521319087887
0.22923916077603576
0.22946311148235563
0.230363104938931
0.23191035241897673
0.2340728776788709
0.23681716441981035
0.24010974206785501
0.24391863929583615
0.2482146354698809
0.25297224413959585
0.25817036978456503
0.26379258912858844
0.2698270211887693
0.27626576552618626
0.28310390554935294
0.29033809278679956
0.29796474832579684
0.30597793855455596
0.3143670032630731
0.32311403421388446
0.33219132047698846
0.34155889196043865
0.35116230336997917
0.3609308059710485
0.3707760527551378
0.3805914728946203
0.39025243303458884
0.39961727585123485
0.4085292908583037
0.4168196298131301
0.4243111311086805
0.43082296672720244
0.43617597467216057
0.4401984925968465
0.4427324679805422
0.4436395898185112
0.44280716904375345
0.44015349168496964
0.435632381029829
0.4292367326698245
0.42100082800769983
0.4110012853260112
0.39935656968534633
0.38622504995247875
0.3718016590329182
0.356313277780748
0.34001302028789077
0.32317364513355307
0.30608035135668343
0.28902323802666696
0.27228971197692087
0.2561571201484
0.240885862519453
0.22671321087141258
0.21384802015913681
0.20246647568777326
0.192708973237199
0.18467818306176342
0.1784383042686008
0.17401547492382968
0.17139926636568234
0.17054515821445496
0.17137786373663466
0.1737953536142894
0.17767340977228968
0.18287052971834375
0.1892329959252679
0.19659992430291046
0.2048081110170258
0.21369650807413668
0.22311017537937727
0.2329035803671433
0.24294314547603676
0.25310897797493515
0.2632957547948582
0.2734127754977761
0.2833832373621307
0.29314282556787163
0.3026377463003491
0.3118223590240198
0.3206565842421839
0.32910327325862077
0.3371257259024778
0.344685530692375
0.35174088007236953
0.35824548244315263
0.3641481546540281
0.36939313580741134
0.37392111833644154
0.37767094810454443
0.38058190437016753
0.38259643517363484
0.3836631958883563
0.3837402196315871
0.3827980386499696
0.380822575797978
0.3778176344049489
0.3738068323394733
0.3688348507702333
0.36296789862664325
0.3562933286163682
0.3489183783746913
0.34096804945038267
0.3325821759788336
0.3239117727169276
0.3151147873177815
0.30635141302900915
0.2977791441340926
0.28954777616236893
0.28179456495082084
0.27463976193546996
0.26818273665921094
0.262498880788215
0.2576374607365987
0.2536205486548593
0.2504431150197838
0.24807431203439284
0.24645991785049348
0.24552585022351386
0.24518259804042739
0.2453303639499763
0.24586466482451055
0.246682102494984
0.2476859980762571
0.24879158136371582
0.24993044330083666
0.2510539942386084
0.25213572219202895
0.25317211085440866
0.2541821529555282
0.2552054759760003
0.2562991790465841
0.25753355669630207
0.25898695184216075
0.2607400325539006
0.2628698211908326
0.26544381827372104
0.268514556142149
0.2721148897723241
0.2762542862368562
0.2809163135692275
0.2860574586104611
0.29160732673367784
0.2974701993474329
0.3035278527632907
0.3096434788009072
0.3156664969335945
0.321438012269178
0.3267966543889246
0.3315845289400577
0.33565302562920024
0.33886825064146264
0.34111588553396455
0.3423053149305796
0.3423729083987773
0.3412843844726164
0.3390362241548539
0.33565613535198296
0.33120259736675917
0.32576353545323
0.31945418999013503
0.3124142541699743
0.3048043598083278
0.29680199473778734
0.2885969390063788
0.28038631221067445
0.272369331734992
0.26474189179485624
0.2576910856649911
0.25138980731157456
0.24599158227497284
0.24162578908313292
0.2383934395429289
0.23636368683103545
0.2355712225586845
0.23601470661255342
0.237656345985393
0.24042270124997592
0.24420675293126665
0.2488712067860911
0.25425295964947486
0.2601685893669039
0.2664206770534914
0.2728047212208178
0.2791163646840494
0.2851586296004708
0.29074884574600607
0.295724963521523
0.2999509664487987
0.3033211372144699
0.305762984729559
0.30723870432329176
0.30774511545165545
0.3073120970236074
0.30599961524153096
0.30389350838269347
0.3011002532222898
0.2977409854242359
0.2939450786249735
0.28984360249601626
0.28556297822999244
0.28121913114878494
0.2769124059759566
0.2727234631170425
0.2687103171141226
0.2649066148280381
0.26132118463603937
0.25793882279542585
0.25472222266136574
0.2516148997667405
0.24854492337495834
0.24542923477960568
0.24217831533315637
0.23870096312256514
0.23490894578966293
0.2307213169553233
0.22606821322540346
0.22089398559807363
0.21515956077065548
0.20884397178920114
0.20194504119771015
0.19447924104132466
0.18648079080235758
0.17800008505661347
0.16910156625357634
0.15986117395643654
0.15036351000994444
0.1406988597537953
