-1.4999999999999996
-1.4885986115434435
-1.4885986115434426
-1.487688340595137
-1.4876883405951367
-1.4763339509247304
-1.4763339509247289
-1.4763339509247277
-1.4763339509247264
-1.454656455588205
-1.4546564555882038
-1.451056516295154
-1.4510565162951539
-1.4425295324965337
-1.4425295324965335
-1.4425295324965317
-1.4425295324965315
-1.4398467100832224
-1.439846710083221
-1.4398467100832197
-1.4398467100832195
-1.4064663525068097
-1.4064663525068086
-1.4064663525068082
-1.4064663525068062
-1.3989663259659066
-1.3989663259659044
-1.3910065241883693
-1.3910065241883682
-1.387057814758018
-1.387057814758017
-1.3870578147580168
-1.3870578147580166
-1.3800503031599392
-1.3800503031599383
-1.3800503031599367
-1.3800503031599358
-1.3516682319087898
-1.3516682319087883
-1.3516682319087878
-1.3516682319087874
-1.3474148993650918
-1.3474148993650916
-1.34741489936509
-1.3474148993650896
-1.3228756555322974
-1.3228756555322951
-1.3112484236197008
-1.3112484236197002
-1.3112484236196988
-1.3112484236196982
-1.3090169943749488
-1.309016994374947
-1.2984448028164295
-1.2984448028164288
-1.2984448028164284
-1.2984448028164282
-1.293804228421476
-1.2938042284214755
-1.293804228421475
-1.2938042284214746
-1.2767289278993623
-1.2767289278993605
-1.2767289278993594
-1.276728927899359
-1.2669403168300843
-1.2669403168300835
-1.2669403168300823
-1.2669403168300821
-1.228339955021622
-1.2283399550216212
-1.220408082667606
-1.220408082667606
-1.2204080826676043
-1.220408082667604
-1.2170295030603433
-1.2170295030603424
-1.2170295030603415
-1.217029503060341
-1.2151419258692213
-1.2151419258692202
-1.2151419258692195
-1.2151419258692178
-1.2071067811865488
-1.2071067811865461
-1.1970850854856647
-1.1970850854856636
-1.1970850854856636
-1.1970850854856634
-1.1834948401127556
-1.183494840112755
-1.1834948401127543
-1.1834948401127539
-1.1672071091694896
-1.1672071091694884
-1.1672071091694884
-1.1672071091694882
-1.144122805635369
-1.1441228056353685
-1.1441228056353683
-1.1441228056353683
-1.128938476586208
-1.1289384765862067
-1.1289384765862067
-1.1289384765862065
-1.1180339887498971
-1.118033988749896
-1.1180339887498956
-1.118033988749895
-1.1180339887498942
-1.1180339887498933
-1.107035798042496
-1.1070357980424934
-1.1070357980424923
-1.1070357980424912
-1.0877852522924731
-1.0877852522924727
-1.0785399660252122
-1.0785399660252117
-1.0785399660252097
-1.0785399660252095
-1.0744805708748184
-1.0744805708748177
-1.074480570874817
-1.0744805708748169
-1.0554134275928606
-1.0554134275928604
-1.0554134275928595
-1.0554134275928595
-1.0509654909975181
-1.0509654909975175
-1.0509654909975172
-1.0509654909975168
-1.0505014948077331
-1.0505014948077291
-1.050501494807729
-1.0505014948077283
-1.0217106371895313
-1.0217106371895304
-1.0217106371895301
-1.0217106371895301
-1.005543853141165
-1.0055438531411642
-1.005543853141164
-1.0055438531411602
-0.9955807123972821
-0.9955807123972802
-0.9848328309798827
-0.9848328309798822
-0.984832830979882
-0.9848328309798813
-0.9659258262890683
-0.9659258262890682
-0.9659258262890668
-0.9659258262890664
-0.953990499739547
-0.9539904997395467
-0.9530776242266072
-0.9530776242266069
-0.953077624226606
-0.9530776242266051
-0.9510565162951543
-0.9510565162951541
-0.9510565162951531
-0.9510565162951531
-0.9458480440546855
-0.9458480440546847
-0.9458480440546837
-0.9458480440546833
-0.9430716457187983
-0.9430716457187981
-0.943071645718798
-0.9430716457187964
-0.9215610016189941
-0.9215610016189938
-0.9215610016189929
-0.9215610016189899
-0.9018221378829018
-0.9018221378829016
-0.9018221378829014
-0.9018221378829009
-0.8815481466226736
-0.8815481466226717
-0.8815481466226716
-0.8815481466226712
-0.8660254037844414
-0.8660254037844404
-0.8660254037844394
-0.8660254037844389
-0.8660254037844388
-0.8660254037844386
-0.8646510975741654
-0.8646510975741649
-0.8646510975741648
-0.8646510975741646
-0.8553853446546816
-0.8553853446546812
-0.8553853446546811
-0.855385344654679
-0.8337382630248168
-0.8337382630248166
-0.8337382630248159
-0.8337382630248138
-0.8265002260880141
-0.8265002260880123
-0.8265002260880122
-0.8265002260880111
-0.8240025722289334
-0.8240025722289326
-0.824002572228932
-0.8240025722289316
-0.8090169943749472
-0.809016994374947
-0.8024830206562088
-0.802483020656208
-0.8024830206562077
-0.8024830206562074
-0.7830121775185522
-0.7830121775185521
-0.7830121775185511
-0.7830121775185507
-0.7735563095548076
-0.773556309554807
-0.7735563095548069
-0.7735563095548067
-0.7716809592134092
-0.771680959213409
-0.7716809592134086
-0.7716809592134081
-0.7573696333244225
-0.7573696333244221
-0.757369633324422
-0.7573696333244215
-0.7529855895751134
-0.7529855895751131
-0.7529855895751129
-0.7529855895751126
-0.7509990113421835
-0.7509990113421832
-0.7509990113421829
-0.7509990113421824
-0.7368128791039502
-0.7368128791039501
-0.7260352159598508
-0.7260352159598504
-0.7260352159598504
-0.7260352159598492
-0.707106781186548
-0.7071067811865478
-0.7071067811865475
-0.7071067811865474
-0.7071067811865472
-0.7071067811865466
-0.7071067811865456
-0.7071067811865448
-0.6942693895193106
-0.6942693895193103
-0.6942693895193099
-0.6942693895193097
-0.6753572194429881
-0.6753572194429872
-0.6753572194429871
-0.6753572194429869
-0.6658539517708425
-0.6658539517708408
-0.6658539517708402
-0.6658539517708396
-0.6564344650402307
-0.6564344650402295
-0.6523617338229588
-0.6523617338229588
-0.6523617338229585
-0.6523617338229578
-0.652281370435414
-0.6522813704354138
-0.6522813704354135
-0.6522813704354131
-0.643316306968187
-0.6433163069681868
-0.6433163069681865
-0.6433163069681848
-0.6402717880749498
-0.6402717880749486
-0.6402717880749483
-0.6402717880749469
-0.6296400633748832
-0.629640063374883
-0.6296400633748823
-0.6296400633748817
-0.6205542787650901
-0.6205542787650896
-0.6205542787650894
-0.6205542787650885
-0.6196568374637389
-0.6196568374637379
-0.60841191981296
-0.6084119198129597
-0.6084119198129593
-0.6084119198129588
-0.5938762281591505
-0.59387622815915
-0.5938762281591499
-0.5938762281591486
-0.5877852522924739
-0.5877852522924736
-0.5877852522924734
-0.587785252292473
-0.5818986047633714
-0.5818986047633714
-0.581898604763371
-0.5818986047633707
-0.5765822529091501
-0.5765822529091487
-0.5765822529091479
-0.5765822529091477
-0.5752124769519018
-0.5752124769519015
-0.5752124769519015
-0.5752124769519013
-0.561212937052649
-0.5612129370526483
-0.5612129370526477
-0.5612129370526475
-0.5491801859738658
-0.5491801859738655
-0.5491801859738654
-0.5491801859738642
-0.5329860914798172
-0.5329860914798169
-0.5239005075893944
-0.523900507589393
-0.5239005075893929
-0.5239005075893924
-0.5217838070134381
-0.5217838070134375
-0.5217838070134372
-0.5217838070134369
-0.521051419384057
-0.5210514193840569
-0.5210514193840564
-0.5210514193840557
-0.5152785842706369
-0.5152785842706367
-0.5152785842706364
-0.5152785842706359
-0.500000000000001
-0.5000000000000008
-0.5000000000000004
-0.5
-0.4999999999999997
-0.49999999999999967
-0.49999999999999967
-0.49999999999999967
-0.49999999999999956
-0.49999999999999956
-0.49999999999999956
-0.49999999999999956
-0.4999999999999995
-0.49999999999999944
-0.49999999999999944
-0.49999999999999944
-0.49999999999999944
-0.49999999999999933
-0.49999999999999933
-0.49999999999999933
-0.49999999999999933
-0.49999999999999933
-0.4999999999999993
-0.49999999999999917
-0.49999999999999883
-0.4999999999999984
-0.4999999999999984
-0.4999999999999973
-0.49999999999999695
-0.487688340595138
-0.4876883405951378
-0.48565259789017434
-0.48565259789017384
-0.48565259789017295
-0.4856525978901725
-0.48371843358464983
-0.48371843358464955
-0.4837184335846485
-0.48371843358464806
-0.47865658251400917
-0.4786565825140086
-0.4786565825140083
-0.47865658251400806
-0.45152987494233143
-0.45152987494233127
-0.4515298749423312
-0.45152987494232905
-0.4510565162951548
-0.45105651629515403
-0.4430062181643825
-0.4430062181643822
-0.443006218164382
-0.4430062181643819
-0.4370160244488216
-0.4370160244488211
-0.4370160244488209
-0.43701602444882
-0.4280729062211682
-0.4280729062211679
-0.4280729062211676
-0.4280729062211671
-0.4241044270401724
-0.42410442704017187
-0.4241044270401717
-0.42410442704017165
-0.404791144679804
-0.40479114467980354
-0.40479114467980326
-0.4047911446798029
-0.3910065241883677
-0.3910065241883675
-0.37282103092523516
-0.37282103092523444
-0.3728210309252344
-0.37282103092523394
-0.37098189215136357
-0.37098189215136324
-0.3709818921513628
-0.37098189215136257
-0.3675426681266557
-0.3675426681266552
-0.36754266812665454
-0.36754266812665437
-0.356347429607842
-0.35634742960784155
-0.3563474296078412
-0.3563474296078407
-0.3512373157116864
-0.3512373157116853
-0.3512373157116848
-0.3512373157116843
-0.3507963631709361
-0.3507963631709348
-0.35079636317093466
-0.3507963631709345
-0.3435655349597691
-0.3435655349597683
-0.30901699437494745
-0.30901699437494684
-0.29403153293039885
-0.29403153293039724
-0.29403153293039663
-0.29403153293039647
-0.27906080965035046
-0.27906080965035046
-0.27906080965035013
-0.2790608096503498
-0.2588190451025212
-0.25881904510252096
-0.2588190451025206
-0.25881904510252035
-0.25087859215669145
-0.25087859215669117
-0.25087859215669106
-0.25087859215669095
-0.21680407556949086
-0.2168040755694896
-0.21680407556948952
-0.21680407556948936
-0.2071067811865474
-0.2071067811865473
-0.19098300562505313
-0.19098300562505294
-0.16653692476862553
-0.16653692476862544
-0.16653692476862533
-0.166536924768625
-0.13261306596808242
-0.1326130659680822
-0.1326130659680812
-0.13261306596808117
-0.0877852522924729
-0.08778525229247275
-0.046009500260454125
-0.04600950026045303
0.04600950026045245
0.0460095002604536
0.08778525229247286
0.08778525229247312
0.1326130659680799
0.13261306596808112
0.13261306596808128
0.13261306596808148
0.16653692476862508
0.1665369247686256
0.16653692476862564
0.1665369247686258
0.19098300562505258
0.19098300562505335
0.20710678118654732
0.2071067811865483
0.21680407556948805
0.2168040755694893
0.2168040755694894
0.21680407556948975
0.2508785921566901
0.250878592156691
0.25087859215669145
0.25087859215669167
0.2588190451025202
0.2588190451025203
0.2588190451025207
0.25881904510252085
0.2790608096503502
0.27906080965035024
0.27906080965035035
0.27906080965035046
0.29403153293039663
0.29403153293039686
0.29403153293039713
0.2940315329303983
0.3090169943749476
0.309016994374948
0.343565534959769
0.34356553495976927
0.35079636317093393
0.3507963631709341
0.35079636317093443
0.3507963631709347
0.3512373157116844
0.3512373157116844
0.3512373157116847
0.351237315711686
0.35634742960784177
0.3563474296078419
0.35634742960784194
0.3563474296078425
0.3675426681266546
0.3675426681266548
0.36754266812665487
0.36754266812665504
0.37098189215136235
0.37098189215136274
0.37098189215136274
0.37098189215136296
0.37282103092523416
0.37282103092523444
0.37282103092523444
0.37282103092523483
0.3910065241883677
0.39100652418836795
0.4047911446798039
0.4047911446798042
0.40479114467980426
0.40479114467980454
0.42410442704017226
0.4241044270401724
0.42410442704017276
0.42410442704017287
0.4280729062211674
0.4280729062211675
0.4280729062211679
0.428072906221168
0.4370160244488208
0.437016024448821
0.43701602444882154
0.4370160244488218
0.44300621816438124
0.4430062181643815
0.4430062181643817
0.44300621816438185
0.4510565162951532
0.4510565162951537
0.45152987494233016
0.45152987494233027
0.45152987494233093
0.45152987494233143
0.478656582514008
0.4786565825140081
0.4786565825140082
0.4786565825140087
0.48371843358464933
0.4837184335846496
0.48371843358464983
0.4837184335846499
0.485652597890173
0.4856525978901737
0.485652597890174
0.48565259789017434
0.4876883405951376
0.4876883405951377
0.49999999999999845
0.499999999999999
0.4999999999999994
0.4999999999999996
0.4999999999999997
0.49999999999999983
0.49999999999999983
0.4999999999999999
0.49999999999999994
0.49999999999999994
0.49999999999999994
0.49999999999999994
0.49999999999999994
0.5
0.5
0.5000000000000001
0.5000000000000001
0.5000000000000001
0.5000000000000001
0.5000000000000001
0.5000000000000001
0.5000000000000001
0.5000000000000001
0.5000000000000003
0.5000000000000006
0.5000000000000007
0.5000000000000008
0.500000000000001
0.5000000000000014
0.5152785842706362
0.5152785842706364
0.5152785842706366
0.5152785842706376
0.5210514193840562
0.5210514193840564
0.5210514193840565
0.5210514193840569
0.5217838070134375
0.5217838070134376
0.5217838070134377
0.5217838070134381
0.5239005075893919
0.5239005075893926
0.5239005075893927
0.523900507589393
0.5329860914798166
0.5329860914798168
0.5491801859738658
0.549180185973866
0.5491801859738666
0.5491801859738669
0.5612129370526475
0.5612129370526481
0.5612129370526483
0.5612129370526487
0.575212476951901
0.5752124769519014
0.5752124769519016
0.5752124769519017
0.5765822529091486
0.576582252909149
0.5765822529091494
0.5765822529091498
0.5818986047633706
0.5818986047633707
0.581898604763371
0.5818986047633712
0.5877852522924724
0.5877852522924729
0.5877852522924731
0.5877852522924732
0.5938762281591496
0.5938762281591499
0.59387622815915
0.5938762281591501
0.6084119198129583
0.608411919812959
0.6084119198129592
0.6084119198129597
0.619656837463738
0.619656837463738
0.6205542787650887
0.6205542787650894
0.6205542787650896
0.6205542787650897
0.6296400633748821
0.6296400633748824
0.6296400633748825
0.6296400633748827
0.6402717880749477
0.6402717880749481
0.6402717880749483
0.6402717880749487
0.6433163069681863
0.6433163069681865
0.6433163069681866
0.6433163069681869
0.6522813704354135
0.6522813704354136
0.6522813704354137
0.6522813704354138
0.6523617338229585
0.6523617338229587
0.6523617338229587
0.6523617338229589
0.6564344650402304
0.6564344650402308
0.6658539517708401
0.6658539517708403
0.6658539517708404
0.665853951770841
0.6753572194429871
0.6753572194429873
0.6753572194429874
0.6753572194429877
0.69426938951931
0.6942693895193105
0.6942693895193107
0.6942693895193109
0.707106781186546
0.7071067811865468
0.7071067811865471
0.7071067811865475
0.7071067811865477
0.7071067811865477
0.7071067811865477
0.7071067811865481
0.7260352159598497
0.7260352159598502
0.7260352159598505
0.7260352159598509
0.7368128791039503
0.7368128791039504
0.7509990113421829
0.7509990113421832
0.7509990113421833
0.7509990113421835
0.7529855895751122
0.7529855895751131
0.7529855895751132
0.7529855895751133
0.7573696333244216
0.7573696333244219
0.7573696333244221
0.7573696333244223
0.7716809592134083
0.7716809592134084
0.7716809592134084
0.7716809592134086
0.7735563095548069
0.773556309554807
0.7735563095548071
0.7735563095548074
0.7830121775185508
0.7830121775185516
0.7830121775185516
0.7830121775185519
0.8024830206562078
0.802483020656208
0.802483020656208
0.8024830206562081
0.8090169943749475
0.8090169943749477
0.8240025722289318
0.8240025722289323
0.8240025722289324
0.8240025722289331
0.8265002260880128
0.826500226088013
0.8265002260880132
0.8265002260880137
0.833738263024816
0.8337382630248167
0.8337382630248169
0.8337382630248171
0.8553853446546812
0.8553853446546813
0.8553853446546815
0.855385344654682
0.8646510975741645
0.8646510975741651
0.8646510975741653
0.8646510975741655
0.8660254037844378
0.8660254037844385
0.8660254037844387
0.8660254037844388
0.8660254037844389
0.866025403784439
0.8815481466226711
0.8815481466226711
0.8815481466226714
0.8815481466226716
0.901822137882901
0.9018221378829016
0.9018221378829016
0.9018221378829018
0.9215610016189938
0.921561001618994
0.9215610016189941
0.9215610016189947
0.9430716457187978
0.9430716457187983
0.9430716457187984
0.9430716457187989
0.945848044054684
0.9458480440546844
0.9458480440546845
0.9458480440546847
0.9510565162951533
0.9510565162951534
0.9510565162951538
0.9510565162951539
0.9530776242266056
0.9530776242266059
0.9530776242266059
0.9530776242266064
0.9539904997395467
0.9539904997395469
0.9659258262890682
0.9659258262890684
0.9659258262890686
0.9659258262890686
0.9848328309798823
0.9848328309798824
0.9848328309798826
0.9848328309798827
0.9955807123972819
0.9955807123972821
1.0055438531411636
1.0055438531411642
1.0055438531411642
1.0055438531411645
1.0217106371895301
1.0217106371895304
1.0217106371895306
1.0217106371895308
1.0505014948077294
1.0505014948077294
1.0505014948077294
1.0505014948077296
1.0509654909975172
1.0509654909975177
1.0509654909975177
1.050965490997518
1.0554134275928593
1.0554134275928597
1.05541342759286
1.0554134275928602
1.074480570874817
1.0744805708748173
1.0744805708748175
1.0744805708748177
1.07853996602521
1.0785399660252102
1.0785399660252104
1.0785399660252104
1.0877852522924731
1.0877852522924734
1.1070357980424914
1.1070357980424916
1.1070357980424919
1.107035798042492
1.1180339887498947
1.1180339887498947
1.118033988749895
1.1180339887498951
1.1180339887498951
1.1180339887498953
1.1289384765862063
1.128938476586207
1.128938476586207
1.1289384765862072
1.1441228056353683
1.1441228056353687
1.1441228056353687
1.144122805635369
1.1672071091694884
1.1672071091694887
1.1672071091694887
1.1672071091694889
1.1834948401127545
1.1834948401127547
1.1834948401127552
1.1834948401127552
1.1970850854856636
1.1970850854856638
1.197085085485664
1.197085085485664
1.2071067811865472
1.2071067811865477
1.2151419258692202
1.2151419258692207
1.2151419258692207
1.2151419258692207
1.217029503060342
1.2170295030603422
1.2170295030603422
1.2170295030603424
1.2204080826676047
1.2204080826676051
1.2204080826676054
1.2204080826676054
1.228339955021622
1.2283399550216223
1.2669403168300826
1.2669403168300826
1.2669403168300826
1.266940316830083
1.2767289278993603
1.2767289278993603
1.2767289278993605
1.2767289278993612
1.2938042284214746
1.2938042284214746
1.2938042284214748
1.293804228421475
1.2984448028164282
1.2984448028164284
1.2984448028164284
1.2984448028164286
1.3090169943749475
1.3090169943749477
1.3112484236196988
1.311248423619699
1.311248423619699
1.3112484236196995
1.3228756555322954
1.3228756555322954
1.3474148993650905
1.3474148993650905
1.3474148993650907
1.3474148993650907
1.3516682319087885
1.3516682319087887
1.3516682319087887
1.351668231908789
1.3800503031599378
1.3800503031599378
1.3800503031599378
1.3800503031599383
1.3870578147580175
1.3870578147580177
1.3870578147580177
1.387057814758018
1.391006524188368
1.391006524188368
1.3989663259659066
1.3989663259659069
1.406466352506808
1.4064663525068084
1.4064663525068084
1.4064663525068086
1.4398467100832197
1.4398467100832202
1.4398467100832202
1.4398467100832206
1.4425295324965317
1.442529532496532
1.4425295324965322
1.4425295324965324
1.4510565162951536
1.4510565162951536
1.4546564555882047
1.4546564555882049
1.4763339509247269
1.476333950924727
1.476333950924727
1.4763339509247273
1.4876883405951375
1.4876883405951378
1.4885986115434435
1.4885986115434438
1.5
