0.06019436624413682
0.06874546241399768
0.07064525321682011
0.07415137053750598
0.07921310423779598
0.07979593360817425
0.08030604091800722
0.08416368946283664
0.08458546107835772
0.0743383254838648
0.08203649736850215
0.08677183614408697
0.08772481628561438
0.0791779069352025
0.0903464663705498
0.08957038557554292
0.09371312727329452
0.09460448037848991
0.09437933857199338
0.09569810312442782
0.09598743197818566
0.08246826570718334
0.09268589504245872
0.08435325697933085
0.09450145929376089
0.0943307521640713
0.09825221017840888
0.0759529972103963
0.08394748134422167
0.0947630602845417
0.10385021347468348
0.10533153566756996
0.10470980769154663
0.10123546078209786
0.10760331001583588
0.1073220160926728
0.09298804153561091
0.10857947003472601
0.10946989159722764
0.10965723184275672
0.11052620616873388
0.10997912799511918
0.09440462544517836
0.09893489576039838
0.1062392615033746
0.08412652556577584
0.0960687176047548
0.10414778278805341
0.09721441737926079
0.08704143884579991
0.0840951069544818
0.08425354672270273
0.07911248186831359
0.08887953500695768
0.09886003208550595
0.10802584134800954
0.11107675135409928
0.11199474495345757
0.10954847637757419
0.10571495985710051
0.10502743915253161
0.11661119288140305
0.09316188665219409
0.09734326689367785
0.10714242674110719
0.11220369727006672
0.11659343318327137
0.12091026987705443
0.12248305446761013
0.10512779117190538
0.10671352357525314
0.10685807927687617
0.10772964530539139
0.09627810550890739
0.12152019049306524
0.12611299854658503
0.12674727049257392
0.12727820179331087
0.12175025566973277
0.1275811374811603
0.11050967269979788
0.11873859769143655
0.12510562793490068
0.11298445888333289
0.08958674367817965
0.10128675232381448
0.09560330283723273
0.10438950532406088
0.11393879175522693
0.11213198548860404
0.1101182602793208
0.12286094474100423
0.1200514310982126
0.1243931507265165
0.11610464202845461
0.09851204306526007
0.08173191461641242
0.09814551532482113
0.0838827707408826
0.09721009698383026
0.08498282611076435
0.0856750874757143
0.09026244783713547
0.07627591991182246
0.0809547082133947
0.08027022592099822
0.07279000846604025
0.08973928096583089
0.10269224264761043
0.10276598569067448
0.09418829786885227
0.1004103762128262
0.09944086904344444
0.08660070414072196
0.09154557550695777
0.10650280472075563
0.11476423470785128
0.09917984758372536
0.11366379793791828
0.11449063561380121
0.09981759801663409
0.11975325972398368
0.10566546527662957
0.1227272999111036
0.09913119561823176
0.07547531544967338
0.0985685240097086
0.12455791331645795
0.11238929501957803
0.11474953465407817
0.1147083249456244
0.11415459593778118
0.10047777640500008
0.07153008428494731
0.11323109701487373
0.10698852741276385
0.11957610485191394
0.11286033213577373
0.11678988718437186
0.14090147900879688
0.12438899324351553
0.12600521786286054
0.12483588948107423
0.1371656510630337
0.12797196358291635
0.13519196457223343
0.11726613455894977
0.1365893091510666
0.14002251109567931
0.13705689092552112
0.13730259122410776
0.13473685104631775
0.1455810343668763
0.1456542720965645
0.1459085236667049
0.1485428596106711
0.14013179897283734
0.12861046554519956
0.12621593620368804
0.14844618458775705
0.14720707758100954
0.13583686885282162
0.14801993534683083
0.12440786394990164
0.11820340541022553
0.11954912756881926
0.11808015929109099
0.10903359994357231
0.12713975517534856
0.1467513241884988
0.1356514394426384
0.14287763141455634
0.13379267765145225
0.13372065808715228
0.14181411004559286
0.1523462491475184
0.15556489430295606
0.15589616232719572
0.14121589199065843
0.1562925142413547
0.1373919662733021
0.14413240534587723
0.13760118613110284
0.12595921933289966
0.1324358844544584
0.14790463563080752
0.1345067681577035
0.13526610016322088
0.10496360934911876
0.13401731768915254
0.12716828437102026
0.11844131495854364
0.1281516361523907
0.11484521688836818
0.11423551115144641
0.1101234805304657
0.09257902150570779
0.08929675492160395
0.08694617929117367
0.08747370275814023
0.09456934001223122
0.07035180275327949
0.07097699800104777
0.06827635966933765
0.06471840748934135
0.06871561405354301
0.06415570791554671
0.07007235139202202
0.08009949138874306
0.06301967729677883
0.0739847691879717
0.07731817502563648
0.07841743277253281
0.06966566067275191
0.07570526835897419
0.08284119409090188
0.08206404816953136
0.072516277771861
0.0871868867098756
0.08186100152378598
0.06750069154313565
0.08349186916253712
0.08312158306115344
0.07126794314910913
0.09387724868764664
0.0882886027320652
0.0889434498429531
0.09517837354712111
0.07981324771941714
0.08784473307196043
0.08609230522752712
0.08945913737939191
0.08249013496935012
0.06579708366676279
0.07345054871752497
0.06911137755959773
0.07368781981339576
0.06223822834813375
0.06071830644073185
0.06914268269287656
0.09565080428210047
0.0613860165337037
0.08738358881522641
0.10475839708555776
0.09704671386372503
0.09053262686544244
0.11253756834529513
0.11454610520197417
0.09449027958894327
0.1272187935441667
0.11962035852635858
0.1269302916002647
0.11997805057777901
0.13275221216201533
0.10762804084377947
0.12501228623058758
0.08899177332060662
0.09505301206911257
0.06476066829165435
0.07349300303141108
0.08180907838859872
0.08592339687249598
0.09586436853448724
0.10672283189706075
0.09266176709804963
0.06844875409803458
0.07565467767437561
0.061572631667427574
0.07417299594844554
0.09525946574791833
0.12046325623094489
0.08252434750048337
0.13683955423371702
0.1241850130285475
0.12659834212045876
0.0952779079801757
0.10830812342936119
0.11348363177435163
0.11647762338501441
0.1434738236054891
0.13461409725873696
0.12042257589654128
0.1236334922604829
0.11115024900883602
0.14073586030177326
0.10758956998856783
0.12207634505998934
0.13649418930254406
0.12150369153004992
0.11191294684901712
0.12196713679527749
0.13409508191679062
0.1578889497189253
0.14567572262312295
0.09258062660032201
0.12946263491607132
0.14338003272932143
0.10990153069769146
0.130659773237682
0.13832344126103865
0.1194862098413912
0.14442404955844307
0.12553950031806313
0.143956186672604
0.1472455777854312
0.12483548726326965
0.1555402238684958
0.1498691603615327
0.14198007926657386
0.12199530326382121
0.151293539293057
0.11213838616888944
0.15789686741610928
0.0894035562534302
0.11111774594455402
0.09933361289075682
0.07959332144953007
0.10529947582847195
0.08689809321540265
0.12627666563690954
0.10754171029479165
0.10069508330298503
0.11371154680782689
0.10888958831246622
0.10302560928159499
0.09078393845994623
0.09052937483740853
0.10490874051497912
0.11291851938533039
0.1100342719090873
0.11552803668951941
0.1274212307682692
0.11206132849141823
0.13851712316540585
0.1060683602725679
0.14565148649458373
0.13710892123581953
0.1461134969324601
0.13029340685826055
0.14158372231689453
0.15463796588375914
0.11726308096190688
0.1303282607727187
0.1442605882666303
0.18642977060204463
0.1654445251822627
0.17057517975424935
0.16120861076163046
0.16136566070322425
0.13504298199410714
0.14618585990652205
0.13511330161962
0.15601006791959757
0.19046939558713843
0.1746417116621613
0.13624514198528592
0.18700181119992776
0.16170574300813423
0.1461853077394428
0.15623358937465126
0.14823928923682134
0.12529150830004065
0.14952671917265803
0.16205103458147757
0.14427360392706412
0.16910207264825766
0.19120420120025766
0.1829844467401719
0.1868480338956954
0.19265684177149345
0.1867866086036789
0.1808503605689919
0.16326717329439383
0.12270130409022678
0.12830148109523687
0.10230817114723795
0.1347900958888644
0.11668008627225473
0.11678038251427696
0.11056499551056634
0.119791750810153
0.1198277965960196
0.10926788659881527
0.1389267516120204
0.10113760667254858
0.11996460375812895
0.1373016647837432
0.10813792345518208
0.12119232237437408
0.11499331242918752
0.10605366915891595
0.09096632761695178
0.09153646085627552
0.11161247834843281
0.10442553110715319
0.12085652539098793
0.12546957538669123
0.09906742021638934
0.12710444983201777
0.11871802814809984
0.1147049384621126
0.11093671164281033
0.10971166643613992
0.1085046309681015
0.10427108850857154
0.10911512400396124
0.08896792918776805
0.07991890796385784
0.09278733177795062
0.08115268035829207
0.07879572700174695
0.08237591006188046
0.06219681624675203
0.07954658271719722
0.08399775638655194
0.0773304256906715
0.06911620210775762
0.07462673132497308
0.08922598495576993
0.09044355284470118
0.08292576664788313
0.07500735370355943
0.0850607620580441
0.07152087340337043
0.08252811883714493
0.0931253033670272
0.08633531530979621
0.07581275322277505
0.0874608859509385
0.08300445051477828
0.08092145046580712
0.08448840952853245
0.08740493642827357
0.08618484817838651
0.07988154736129083
0.099836686735786
0.08872658553426548
0.09435637746575047
0.0914459712771717
0.08841131525404337
0.0989925009118793
0.08770727835942974
0.07668161167515891
0.09555650525252338
0.09874023871289345
0.08611039097564292
0.07521222380572179
0.07439527096862751
0.08209256539322596
0.08874115355718623
0.08878530927711926
0.0904196968941277
0.09799478168794445
0.0642847753955124
0.07065300870329701
0.08740106794330675
0.0839724773598036
0.0632509644793211
0.07422529622364318
0.08156198558769606
0.05997851993725779
0.08799610286809897
0.06896770597912866
0.05963704986668227
0.07771260564751693
0.07556645292657062
0.08727151310981143
0.08269873585986012
0.058720413690802706
0.08198756342190067
0.08188252784507627
0.05688707614173432
0.09057758465901339
0.0882042232334827
0.07756753703070772
0.0773285347484036
0.08376814366442345
0.07588712853041525
0.0666848783888021
0.07604303428529616
0.08595591585690214
0.07238043036511
0.09139093024534363
0.08110208199375007
0.0836848533782463
0.0959268058239276
0.09331441206289093
0.08837216118456631
0.07151946122993526
0.0774356867826201
0.08726843235427491
0.09298454258511599
0.07357468140825667
0.09773250421143995
0.08655540771602097
0.10720807618515701
0.11783828020252012
0.08936880936682992
0.10069242743411318
0.0749288632289779
0.09138248841494916
0.08412508115730624
0.09917959116729348
0.11660388720979967
0.11999385439437601
0.0857526939599365
0.1068842724857423
0.08542575850220323
0.10814931763398067
0.10710476937777368
0.10971495331773472
0.08491649803995578
0.12143034564216312
0.10286343262614006
0.13021918278179714
0.10391904564897975
0.11768676388878149
0.10985446112287876
0.08545942765028221
0.09435307263427109
0.10367443782725268
0.09555910793789953
0.09481606032601331
0.06653681752511305
0.0868856961081435
0.07007770505364795
0.09973632952002148
0.08173278891659282
0.0930366310376019
0.07690527089882017
0.061340723882946015
0.08805596243485271
0.07950988688067182
0.06345891395594698
0.08143245480691294
0.06419870245781997
0.07606060472886841
0.09761130430481163
0.06045653188516219
0.07909591804053173
0.11477420154205042
0.08314330587787383
0.10975911494989499
0.08402620997840701
0.12023555676674894
0.08790017269908823
0.08246576129647556
0.057507770428878044
0.0844356723254601
0.08901952456721002
0.08146679272037413
0.07862222950384602
0.08375678939037355
0.08909684444608716
0.07464393429447028
0.06798896453100292
0.0867369545540325
0.07405979949536534
0.09030122103553745
0.0678999793657551
0.07070154702037827
0.07717701044619074
0.07837301752284967
0.06976009773764874
0.07676798525966419
0.07703153846085908
0.061382685257209635
0.08201186574406172
0.0646213976520007
0.07257573341780954
0.09058571756016404
0.08194870755878668
0.097914426061338
0.09072292823049699
0.08346924035045586
0.07053792811773957
0.09265984221396402
0.08133774825412385
0.09748208124469357
0.09595747845086325
0.09427885793213685
0.07739571143769763
0.10108908627721606
0.09631208048073009
0.11674298980784342
0.10338722039767816
0.08613535580552781
0.10875202129545562
0.11459145675533847
0.11980419013531868
0.09938853512215898
0.08825893892196485
0.05793085100495189
0.07492212882917083
0.09362805415312003
0.06437401523841381
0.08415474920115197
0.08456672352632408
0.08499263181424457
0.0752222325031717
0.0810649711934868
0.08085951991916526
0.07387908361653786
0.09441732357893588
0.06427049019452186
0.08333682756282376
0.07617229678157467
0.10121276785928557
0.0874337938773108
0.07585818660952813
0.08272965595373943
0.0726812007797933
0.09531664454809283
0.07549555695474758
0.09351329641387898
0.09332247582849615
0.10133976492591695
0.0894776853868029
0.07604786339856219
0.08964242281261181
0.10198207139312523
0.10937976137161447
0.09866142076679907
0.09538976825645348
0.10525480763494158
0.13246081889868055
0.09955077475379663
0.10240891839031217
0.08482544693523392
0.06172652794029343
0.07782343162133086
0.07621950890138633
0.10355036347615751
0.12899447363818803
0.11683134888791183
0.11479324642232289
0.11826048105326323
0.10726353453208382
0.1093476973004327
0.10175581213632086
0.11701888993561416
0.14431371073335433
0.13842762510492632
0.09481946018442448
0.1271432882489727
0.1259365502265896
0.1371898446983578
0.10983053187279887
0.16186604557806974
0.1368003265347466
0.10763319506191152
0.15924400215177448
0.17179807498886704
0.14830975947059863
0.12535603173192922
0.13355045802110893
0.1430304280542737
0.14487761102355984
0.1514093548299797
0.2163717505844935
0.16082618105510704
0.18305248412988206
0.1928335084824371
0.12800960882684448
0.20884578424479278
0.23573130660497857
0.19723059158878276
0.08557511979786431
0.18897620594476927
0.171313376885272
0.19169222190479648
0.20741764863818857
0.17858409862032404
0.13906731950578224
0.14098631675985607
0.17940407520484747
0.18092197657069503
0.11542236822122161
0.11227994640570226
0.1476686225554022
0.13206606049022107
0.20350365829088565
0.132175548867209
0.10971044435708095
0.1330867342014598
0.2123991510450583
0.14244156836632296
0.13416297857074763
0.11020490200142699
0.1554313399211962
0.1816008498926032
0.16141382707356172
0.23708188274493616
0.13866242463278947
0.1649337662616033
0.16817467592104426
0.12996853214562223
0.1762600615224382
0.191514922824235
0.16422646748265335
0.15714671945273578
0.14995746777895397
0.13298695133147803
0.10173259742222367
0.11389389480595748
0.17246519961959667
0.11084934158635315
0.10197458691633632
0.1418773608211908
0.12236094422283027
0.12970059674069997
0.1786526887867722
0.09823943842623413
0.09052118310631961
0.0785086126650844
0.10871769068186024
0.09629546119895654
0.10154823240820215
0.08574003647343095
0.09893860659818587
0.12651282644795536
0.10951165606247484
0.0816164071204008
0.14123989110065202
0.08662312856954597
0.11566117049581735
0.08305649127193095
0.1385955947529345
0.09137446338278929
0.10985511778993873
0.11244520923151366
0.08795755109085591
0.10570338768152279
0.07232771066422733
0.07402126600385757
0.10388387662301213
0.09424949848774239
0.11673333033524544
0.1225879228317581
0.06559900166650508
0.08060801163791112
0.114674332398531
0.12351757691158641
0.13253491601261116
0.09739021456302757
0.11579305710303797
0.09376337896296229
0.09915817310493172
0.1506813628996534
0.09947156387147091
0.0807841014651452
0.11777334887732184
0.08449228641154019
0.16469243274568368
0.11983471162086008
0.14667106395611615
0.13686488124433888
0.10152770442012016
0.18002823901445336
0.09051347773122724
0.10945629312124217
0.15984239623219593
0.15435073827943657
0.13320167667013155
0.18008182692999425
0.1338928203976801
0.11139256969698347
0.18138442345296896
0.1511955325635032
0.14319003752902149
0.14155487173193004
0.17587923118228171
0.1098223337468154
0.09868292879681125
0.08785989042318904
0.06818765794009868
0.14183079731359544
0.10935252170549645
0.0894442610100753
0.12846358742388392
0.07632047044181195
0.11509704400149151
0.12546486433233034
0.07770964434775157
0.11733815184209193
0.10842193163730851
0.09459732683708336
0.10620518954407784
0.09293777266902638
0.1377594071840133
0.09551738879326135
0.10221360244262112
0.1342625362254861
0.10568696976523591
0.12292512272180356
0.07805457791386348
0.11136014705071037
0.11390746739991175
0.0872833787451899
0.09401773200019836
0.12501166169097883
0.08999317818662
0.103461034347587
0.07653953875419772
0.07708371837466414
0.1069661083169814
0.08093036983200537
0.10157083886611873
0.11189204649892681
0.09209503341543243
0.0848423793745664
0.10244268136835104
0.08525432702369644
0.11032404985028493
0.11442560066446046
0.11734958650613539
0.06677453758255787
0.08153212110501687
0.08671448107270016
0.09531087228230703
0.0715063292044013
0.0670058171924246
0.1202715586698313
0.08630654879661656
0.1163848997879107
0.10492815392818593
0.10067898962886417
0.07392378108273095
0.10644979967198655
0.09026113868029187
0.08945604295464085
0.10598692808653716
0.10622993994242441
0.08635164173745669
0.08821804745192117
0.07303355800493619
0.0950633867489834
0.10722981896173298
0.05872196948827459
0.07543279893152921
0.08410916624005416
0.09431443860695295
0.058579243195477304
0.08082069933906874
0.08838763337649255
0.059234296010242715
0.07396387624027825
0.07042135253475398
0.09057475537976659
0.06403119458229192
0.08310444383728272
0.07927254556289995
0.07099957240510697
0.06591376381625162
0.06230620725391309
0.07510737105278895
0.06620171724865706
0.06594167241013973
0.050814361310408576
0.06550963729760656
0.06689603424668128
0.07172405893121865
0.06827498099416311
0.05837415459852625
0.06271831011896165
0.06922447419136767
0.07327272196555842
0.06568879460896573
0.07032999343314471
0.06589425660906338
0.07533594622203105
0.05842038860810474
0.07761292771066716
0.06876187838971051
0.07489414932909526
0.06892383664806437
0.09923229731315675
0.07996567946157454
0.08357014800987238
0.0861468916564723
0.09816524048539485
0.1296214987683502
0.11474852727245913
0.0966598350200562
0.09997715929912934
0.12045866315457988
0.09134253080085847
0.09939970260738029
0.12789255200519067
0.13577869294564127
0.10551403041042728
0.127619864180471
0.1013660180894201
0.14793152724901842
0.11562355879368404
0.1193793465275885
0.10646681229247183
0.11591542840854922
0.09779414832173447
0.09978917102602951
0.13280602192951974
0.08950339743298177
0.12138933353634455
0.11052614757668702
0.10984359828461011
0.09698291437769349
0.07474558659913402
0.08558531306366021
0.09362066131522787
0.09409193099753532
0.09706778788382292
0.09789979886282003
0.12594350482770114
0.09968334973055443
0.09515575518748516
0.1355137204272261
0.10791012157214937
0.11026681303094317
0.1359064895144341
0.12120255705168043
0.13659778402955586
0.10529303485373898
0.07502192651814937
0.11812975673504716
0.1029563518623017
0.11458841934401343
0.12730751737154528
0.12374658246956392
0.09445418777028783
0.12069790383524326
0.10871833539143022
0.11439384316739885
0.09164820991717511
0.10209982132011737
0.07905360182113279
0.11498591580047807
0.07391823807650838
0.08891814238148789
0.09289685857407382
0.08440733465618686
0.09081820378858349
0.11144004043254375
0.11093149200296583
0.1311544421321316
0.0760270055061689
0.10966920064299565
0.08439407553507666
0.10812031527827265
0.0817106268724515
0.10018410680974388
0.07231513332944628
0.10050375104447402
0.07977534689375382
0.09631100871164239
0.05884451360766314
0.07752712706066722
0.06921223227981603
0.07788550864754099
0.06475667163411361
0.0916010409240504
0.0831673267509164
0.0937389889526648
0.07256001268879392
0.08988559791724335
0.07135031530916719
0.08801373341019161
0.0889498225706869
0.06555701346057008
0.06719947327124556
0.08456100779239398
0.0871910058816632
0.079941957195334
0.07692508245436147
0.08566514731232017
0.09910803136627726
0.10482268497247352
0.07661179063264381
0.09169629402192195
0.09143379431507671
0.08553488482391072
0.09783807170675185
0.08570637790425556
0.08205292330866618
0.10660363275956633
0.08424149997564312
0.0832778382045877
0.10334345577725623
0.09777885252504956
0.08110602042541418
0.0769848156303701
0.10917992757826425
0.09159075396067501
0.10418057825785798
0.10449638095176227
0.12362299547194842
0.11126183364424488
0.11378082723324202
0.11151911146548082
0.10519351874307409
0.11393699365310839
0.09846097671707657
0.11022303838339545
0.08606920086419702
0.1015158257266329
0.08810943146955073
0.08905278504290143
0.08653566748297872
0.08427212545443022
0.10113586288485273
0.08434645517183219
0.06877493309550728
0.09110376864881507
0.0679995882268403
0.10477148824395775
0.06568188489374469
0.09393195307538942
0.07722996952935329
0.08070653506037154
0.08024648940130216
0.10332946077342861
0.10244249416127996
0.07560768568304416
0.0778135818767525
0.07809192061341878
0.0759476102156718
0.07685452350392417
0.0757881062935152
0.08222212931938655
0.08465619511969329
0.08729813899075457
0.08105575832550897
0.08996484253347559
0.08238502943229803
0.08796610598906682
0.059210960057974195
0.08084910616694314
0.082015487600268
0.07314629102734219
0.08006175916083433
0.10084162843912589
0.10195870277027105
0.061847631775386235
0.09993364202094082
0.09498836485640616
0.0840324417209424
0.07630958847172281
0.07366503475334629
0.06770715109700387
0.05834777110896022
0.05073436190626632
0.059020788859386664
0.06030284322833896
0.06555449325233179
0.07207657681414893
0.057733325459871136
0.06446126811107529
0.06215613720032957
0.06696246487845009
0.07098762568667041
0.07114185294277002
0.05721234245266214
0.06008089253147926
0.049942205958306396
0.040051475160365724
0.04257236648701636
0.035259642440917574
0.03983831231284127
0.04237855938707994
0.03290533935223538
0.0357209328802208
0.031058981377203525
0.03947908076104851
0.03171811213978741
0.03788321093455442
0.031326018748078166
0.043918170895173525
0.03883813681226408
0.04024705156492599
0.0477260396439236
0.03979512277918472
0.041615184350823425
0.042070717279647916
0.04045984929805799
0.03882127525652839
0.04612122616472636
0.033116454030604245
0.04781531800680265
0.04265900477615337
0.033639449605720254
0.031115404332796918
0.04517655508254079
0.0494578780737078
0.03975205248809166
0.049836737467099476
0.0396744724468604
0.05520441589363328
0.04430121243621474
0.034918903087872655
0.04771603921946106
0.05043596347556373
0.056721549907749885
0.0502488221962434
0.0469423900693489
0.04863664147139622
0.04266138076537123
0.04440784557737547
0.04957462984837947
0.05824088766645068
0.04259340938476715
0.05311200538981447
0.055995691593631894
0.04424752397042623
0.05071417260180644
0.051057505489846514
0.0348289440187138
0.04334200619458881
0.05245977923312963
0.057505276285300264
0.052876057761857914
0.04806837661386562
0.05058125355184154
0.0414094112094156
0.05914025259966421
0.05075608613858819
0.05064562166441658
0.05520430385133762
0.05778409966369821
0.05288529828140307
0.0471501031322296
0.05399155501913686
0.04289105503293082
0.060315465345773256
0.03616684121677439
0.05545642594249197
0.05702024204712151
0.0591601688406886
0.04666529955427949
0.06263975553457535
0.05561848957036012
0.059369031886722747
0.05079796321263787
0.047964203694550615
0.04954668015945159
0.0560074896445736
0.05932197915640757
0.04258669749309603
0.06723235762315274
0.05880946338110978
0.06526006652321968
0.0502804331270728
0.054709660513681244
0.05513397474329622
0.04651453539782813
0.04561515773279808
0.06504466387325179
0.052634402445115074
0.04778397514217299
0.06198409970577972
0.05232296035658514
0.05546716205745768
0.05155016786977059
0.035942017491918124
0.060895363077737956
0.0542833089627841
0.07046734744557281
0.06590869081971329
0.054347325355852884
0.06999937854864689
0.04654125872727478
0.07781204126253033
0.05578382388705026
0.05466883014145519
0.07075082689747555
0.04882365493493736
0.04208129039455607
0.05002466911752029
0.043455519634632775
0.042812583870581344
0.04450589763313243
0.05699449094788439
0.07256232829675062
0.06223439534789382
0.03650344043660854
0.03913321414019349
0.04815340343757167
0.04925938638518458
0.05075612244526764
0.04941775514532877
0.05670991341706176
0.0525077811885345
0.05883832184921327
0.03221214900322324
0.05588260406253935
0.04129059498393771
0.05189348256070492
0.07289554645962412
0.05943917280960687
0.04371451244638683
0.04722551195301811
0.05092592492046452
0.0383919928372584
0.06511426007161175
0.06033049304821487
0.062435463137764956
0.0687784576239801
0.061210812334001365
0.06671845589502196
0.05415880311062722
0.07749570890560323
0.06213632180221641
0.06846644636163467
0.05388236378303171
0.07402428827928637
0.04524647982745862
0.0381878439156845
0.03565703877353314
0.04773192497207684
0.050171956807787244
0.04772857446923964
0.055125889010200727
0.033703811302633155
0.035281985966022916
0.03739124183572922
0.05842470423738417
0.05193921727312434
0.04831299326352573
0.04301051892204891
0.04578881523862886
0.050351357533195654
0.040217188022882884
0.06340856060576254
0.057345092631773835
0.04756512403549183
0.04908016463982762
0.07146476616381035
0.053274951953186954
0.049032578209529894
0.07465510763060973
0.05219538914103752
0.06730917244183415
0.05413222019073097
0.07858284029215798
0.0525178691340642
0.04667310147215471
0.05931870261491673
0.041368325743367323
0.04326997878516112
0.07056758766637736
0.05528283778556732
0.05343913936272351
0.03544385935267509
0.04818341444743934
0.039135861225959766
0.042353793737534215
0.044224320719991675
0.05171319337259306
0.05763873437072552
0.06879249921186235
0.08846632495829992
0.06357055710216525
0.06628493366676179
0.040348308351633354
0.04944339649344428
0.04486314591492921
0.04869723047535627
0.033812010203608134
0.038363312543299895
0.062249520870605486
0.0568529960937354
0.056046629431061874
0.07613219010234154
0.05759551897616187
0.05774074975863435
0.040564712048249546
0.06585302014457536
0.049881183167869145
0.06884931661285051
0.06334369179147471
0.041994393750493714
0.0737707987384651
0.07888411095427793
0.05249031811729773
0.047806204338809874
0.05972118612513647
0.06454707892531318
0.0441075112883476
0.06480605374827719
0.03196805928932924
0.04802361377207666
0.04445074643149327
0.06512010635334665
0.07760638748882025
0.07981180788862596
0.08073911712923983
0.051727825917220804
0.05035116243846255
0.06124652681042966
0.07234928538140624
0.0700852628742683
0.04430977403696105
0.043940607774026606
0.071117419307151
0.07141995043447082
0.06444639235951825
0.0683468560642236
0.05233231710188964
0.039904294906859775
0.050528983596353445
0.04755688074240064
0.052260191210827506
0.049766921822828915
0.04489031731760228
0.050461732908990614
0.03991567651232884
0.04622674940841429
0.04454841766469936
0.04780172561905793
0.03942964582579547
0.04505571849995828
0.04315278677776502
0.04518304198129826
0.05310357923669337
0.04486915089114053
0.02854884476587835
0.05698147053549879
0.047062977774132576
0.055578720149783274
0.0354585614297355
0.055947329768492246
0.05298755000570488
0.051209188401049
0.03817825584375682
0.0605615980267977
0.04532854941405895
0.05922795919790598
0.04595030798838774
0.037811953913111956
0.07252639822599757
0.05861073549529501
0.031204984587095298
0.05825585166847451
0.05918447500547752
0.038260125818955756
0.05704492141653672
0.06784623010534269
0.05756642816888496
0.04647713315393097
0.050599415555455156
0.059097860440335034
0.08612551571537949
0.07317376916763312
0.060370856950382024
0.04005833357042104
0.05124920758547105
0.05127446463047928
0.05827627535852282
0.043513214921158394
0.05761847436715819
0.049390888624775586
0.05621144695518104
0.03897458053597098
0.034014986994070184
0.06443941070268114
0.08678973950740729
0.06270040888195515
0.07886263838184994
0.0695044914526921
0.05897401834665607
0.047035331291228305
0.06953070860794633
0.06476087269343701
0.052834445099491395
0.05594282261504667
0.0541877961961346
0.044147224922744734
0.03561735639429715
0.06166447750793959
0.0623598307914787
0.05736892834724412
0.0740464463397904
0.05710675114815425
0.055842587890198005
0.07993267771259893
0.06350486897534388
0.04273211259969063
0.05261162696944949
0.06591055296519871
0.04436636814177301
0.06783383396493255
0.05945371979037335
0.04987747353658733
0.03915541219744896
0.04063989995464308
0.06138882547706166
0.0491045956949943
0.07630483177050276
0.06516208206313055
0.044104969220410836
0.0425552155699142
0.05072814970550439
0.07639676359661743
0.0525002264604624
0.05833761710529971
0.05861332755242559
0.03847189118934744
0.04059036829076689
0.051312122722257054
0.05458629972840863
0.06925091333280589
0.04711671995902806
0.05207523089517996
0.052783263730414406
0.05403125800479022
0.0558848388287776
0.048996378858622514
0.05215260574991432
0.05370071286892577
0.04206401558422379
0.04285918869546804
0.06647029914580505
0.05316032459463617
0.05419256764092878
0.045956629065086026
0.05128034139432224
0.043254547653976246
0.06340046479536271
0.05210118790801585
0.05417207307279728
0.05629006355501617
0.05575112643329522
0.054415437296480795
0.039992055594127635
0.047570056729859964
0.05583465338922898
0.05009525864384282
0.04343979758858327
0.0652444209810355
0.04455448217674132
0.05292601958772899
0.04651753064942299
0.056371361185255556
0.039151858758958366
0.05504065140039391
0.04890371318907356
0.05777838261772589
0.05165278895732164
0.05442476591874475
0.052063553525965034
0.047807682011342716
0.05408021430727504
0.05251832969682951
0.04814803291271828
0.055325941856687405
0.057834711866224006
0.052221452392699694
0.05772400320329295
0.054713544618802165
0.04730162822469851
0.054693071319375106
0.05066794678568157
0.046134350804414165
0.04963932883854568
0.06768552489822188
0.06967272282205758
0.049982820153072205
0.040816616893820754
0.03777965233894532
0.041073756899542256
0.04186371731575493
0.06256495271556237
0.05967354989741489
0.061380083089330385
0.04355869848100926
0.04524050639477101
0.04712563945698514
0.04788680073607947
0.0508526107551212
0.05183676761669425
0.043249237749775855
0.058944715339967486
0.052740192384210835
0.06134377581582775
0.050463540623129785
0.05944177249910526
0.056897080199078576
0.052446513409819845
0.05075912217043878
0.047063611866901445
0.02981821720859112
0.047239121307674256
0.051736279279515573
0.05811338447030737
0.05028056045787372
0.05136008699111511
0.05605989902653867
0.061420934841547634
0.046514907585417736
0.0643944406498238
0.045685022955606405
0.04876932830118447
0.06805590994893744
0.05989817183146583
0.08425981933681165
0.04080935498159357
0.05112295420102349
0.04971533235262628
0.07264013972135944
0.046797307840635655
0.043772916912660914
0.03417625951198752
0.04772417706927188
0.06465378987170084
0.046783578047360386
0.04515256690291491
0.06277886525846448
0.07698051386422129
0.07183555210650591
0.03588591633283579
0.06480512597380615
0.05173506691154631
0.07838131460061441
0.059529345745618564
0.04413527219184384
0.05395338860806259
0.0504994534670159
0.05596272896561952
0.0548399341959814
0.05902742883288256
0.059585637264230384
0.047388359556457316
0.07128206712518868
0.060156318959592794
0.061497264008079235
0.05573251111236394
0.0868827377512971
0.047607729805145674
0.04022419819410049
0.0496292429262721
0.0656645370776471
0.042532049893529426
0.0476569179839311
0.05188996373491014
0.05238741516918091
0.05218022594499785
0.05996318667353131
0.05147492568689871
0.0637936575926242
0.036621380974972285
0.05148383440659276
0.039823813813637914
0.04083238378554421
0.05130707571770479
0.05719261258653245
0.056340349978832964
0.07107599321076821
0.05346148711492566
0.05231891965242805
0.05723426957880197
0.0585852142897349
0.05135996439453644
0.03977241301456883
0.034421798438118816
0.061023233094656584
0.061461707084767045
0.059325552662894326
0.06676349481584656
0.06284357118074921
0.04764701236966088
0.06026314118488213
0.05871631359867935
0.056552506050953744
0.06315912280875895
0.06909000087495401
0.056440823794842145
0.04152880248258412
0.06232459467483682
0.05685872699120495
0.04675218287784448
0.03776808646378909
0.03574123925485965
0.05193032652023713
0.06015401076805385
0.04791513275096792
0.048253940692488735
0.05325587729826771
0.052339433400866345
0.04500626814087431
0.04725671370194739
0.06603308006597489
0.06276515108022078
0.07364575455938194
0.05962740653452922
0.05852532693401388
0.04299788005806587
0.055039276250972546
0.054654113734988276
0.037333824954516606
0.0657735624353772
0.054991596509913754
0.036445681521024245
0.03644568152102505
0.0549915965099129
0.06577356243537824
0.03733382495451531
0.054654113734988276
0.05503927625097271
0.042997880058064486
0.058525326934014577
0.05962740653452952
0.073645754559382
0.0627651510802208
0.06603308006597486
0.0472567137019471
0.04500626814087422
0.05233943340086653
0.053255877298272046
0.04825394069249302
0.047915132750968745
0.060154010768053615
0.05193032652023063
0.035741239254859725
0.037768086463875465
0.046752182877878835
0.0568587269912048
0.062324594674836906
0.04152880248258427
0.05644082379484263
0.06909000087495437
0.06315912280876101
0.0565525060509548
0.05871631359867974
0.06026314118488251
0.0476470123696609
0.06284357118074949
0.06676349481584665
0.05932555266289326
0.061461707084767545
0.0610232330946566
0.03442179843811877
0.03977241301456909
0.051359964394536335
0.05858521428973443
0.057234269578801254
0.05231891965242786
0.05346148711492553
0.07107599321076942
0.05634034997883309
0.057192612586532854
0.05130707571770477
0.04083238378554418
0.03982381381363871
0.05148383440659421
0.0366213809749724
0.06379365759262426
0.05147492568689865
0.05996318667353035
0.05218022594499515
0.052387415169179434
0.05188996373490568
0.04765691798392657
0.04253204989352943
0.06566453707764722
0.04962924292627179
0.04022419819410051
0.04760772980514574
0.08688273775129723
0.05573251111236392
0.06149726400807948
0.06015631895959291
0.07128206712518854
0.04738835955645741
0.059585637264230495
0.059027428832882686
0.054839934195981155
0.05596272896561953
0.050499453467016044
0.05395338860806254
0.044135272191843516
0.05952934574561876
0.07838131460061412
0.051735066911546126
0.06480512597380608
0.035885916332834916
0.07183555210650577
0.07698051386422124
0.06277886525846302
0.04515256690291598
0.046783578047362356
0.06465378987170112
0.047724177069271706
0.03417625951198938
0.04377291691266098
0.046797307840635446
0.0726401397213596
0.04971533235262601
0.05112295420102382
0.04080935498159324
0.08425981933681158
0.059898171831465674
0.06805590994893754
0.04876932830118436
0.04568502295560646
0.06439444064982416
0.04651490758541794
0.06142093484154837
0.05605989902653873
0.05136008699111519
0.05028056045787374
0.05811338447030727
0.051736279279515796
0.04723912130767416
0.02981821720859095
0.04706361186690161
0.050759122170438715
0.052446513409819824
0.0568970801990788
0.05944177249910562
0.05046354062312977
0.06134377581582769
0.05274019238421104
0.05894471533996773
0.04324923774977597
0.05183676761669445
0.050852610755120965
0.04788680073607946
0.04712563945698563
0.04524050639477102
0.0435586984810095
0.06138008308933127
0.05967354989741509
0.06256495271556242
0.041863717315754986
0.041073756899542485
0.03777965233894637
0.04081661689382222
0.049982820153072656
0.06967272282205768
0.06768552489822205
0.04963932883854533
0.04613435080441419
0.05066794678568173
0.054693071319374946
0.04730162822469857
0.05471354461880268
0.057724003203293836
0.05222145239269955
0.05783471186622505
0.05532594185668736
0.048148032912718276
0.05251832969682933
0.05408021430727491
0.04780768201134302
0.05206355352596535
0.054424765918744206
0.05165278895732175
0.05777838261772585
0.048903713189073425
0.05504065140039395
0.0391518587589585
0.056371361185255695
0.046517530649423
0.052926019587729224
0.04455448217674149
0.06524442098103536
0.04343979758858338
0.05009525864384298
0.05583465338922908
0.047570056729859894
0.03999205559412762
0.05441543729648095
0.05575112643329528
0.056290063555016666
0.05417207307279795
0.05210118790801555
0.06340046479536166
0.043254547653976363
0.05128034139432198
0.04595662906508237
0.05419256764092883
0.053160324594634774
0.06647029914580488
0.04285918869546843
0.042064015584224124
0.05370071286892562
0.05215260574991468
0.048996378858621036
0.05588483882877743
0.054031258004790236
0.05278326373041456
0.05207523089517975
0.047116719959028365
0.06925091333280611
0.05458629972840849
0.05131212272225698
0.04059036829076689
0.03847189118934736
0.05861332755242589
0.05833761710529991
0.052500226460462
0.07639676359661743
0.050728149705503676
0.04255521556991076
0.04410496922041169
0.06516208206313043
0.0763048317705043
0.049104595694994264
0.06138882547706216
0.040639899954642913
0.039155412197446705
0.04987747353658736
0.05945371979037338
0.06783383396493228
0.044366368141774255
0.0659105529651996
0.0526116269694495
0.04273211259969073
0.06350486897534353
0.07993267771259949
0.055842587890197914
0.05710675114815447
0.07404644633979063
0.057368928347244615
0.0623598307914754
0.06166447750791011
0.03561735639429725
0.04414722492274473
0.05418779619613474
0.05594282261504624
0.052834445099491624
0.06476087269343776
0.06953070860794677
0.04703533129122858
0.0589740183466563
0.06950449145269182
0.0788626383818494
0.06270040888195531
0.08678973950740722
0.06443941070268105
0.03401498699407472
0.038974580535976334
0.05621144695518105
0.049390888624775746
0.0576184743671586
0.043513214921158186
0.05827627535852326
0.05127446463048006
0.05124920758547101
0.040058333570421115
0.060370856950382204
0.07317376916763375
0.08612551571537991
0.05909786044033447
0.050599415555453976
0.04647713315392985
0.057566428168885
0.06784623010534246
0.05704492141653643
0.0382601258189554
0.05918447500547729
0.05825585166847402
0.031204984587094572
0.058610735495295704
0.07252639822599755
0.0378119539131124
0.0459503079883881
0.05922795919790603
0.04532854941405899
0.06056159802679757
0.038178255843758106
0.0512091884010493
0.052987550005703356
0.055947329768491434
0.03545856142973562
0.05557872014978338
0.04706297777413259
0.05698147053550175
0.028548844765878392
0.044869150891141275
0.0531035792366931
0.04518304198129822
0.04315278677776529
0.0450557184999584
0.03942964582579714
0.047801725619057815
0.04454841766469944
0.04622674940841543
0.03991567651232891
0.050461732908990725
0.04489031731760218
0.04976692182282897
0.05226019121082754
0.047556880742400526
0.05052898359635345
0.03990429490685972
0.052332317101889556
0.06834685606422351
0.06444639235951621
0.07141995043447089
0.07111741930715011
0.04394060777402701
0.044309774036961125
0.07008526287426851
0.07234928538140663
0.0612465268104293
0.05035116243846257
0.0517278259172209
0.08073911712924223
0.07981180788862574
0.0776063874888199
0.0651201063533469
0.04445074643150445
0.04802361377207659
0.03196805928933298
0.06480605374827675
0.04410751128834778
0.06454707892531336
0.05972118612513648
0.047806204338810145
0.05249031811729784
0.07888411095427728
0.07377079873846572
0.04199439375049421
0.06334369179147534
0.06884931661285053
0.049881183167869325
0.06585302014457581
0.040564712048249484
0.05774074975863445
0.05759551897616206
0.07613219010234154
0.056046629431062284
0.056852996093735175
0.06224952087060506
0.038363312543300054
0.0338120102036088
0.04869723047535629
0.04486314591492941
0.049443396493444425
0.040348308351633305
0.0662849336667619
0.06357055710216508
0.0884663249582998
0.06879249921186256
0.0576387343707255
0.05171319337259361
0.04422432071999157
0.042353793737534305
0.03913586122595897
0.04818341444743959
0.03544385935267298
0.05343913936272388
0.05528283778556746
0.07056758766637729
0.04326997878516095
0.041368325743367254
0.059318702614917326
0.046673101472154976
0.052517869134064
0.07858284029215767
0.054132220190730586
0.06730917244183433
0.05219538914103751
0.07465510763060981
0.04903257820953015
0.05327495195318689
0.07146476616381
0.04908016463982791
0.04756512403549334
0.057345092631773883
0.06340856060576376
0.04021718802288285
0.05035135753319493
0.04578881523862882
0.043010518922048734
0.048312993263525617
0.05193921727312423
0.058424704237383954
0.0373912418357295
0.03528198596602286
0.03370381130263317
0.05512588901020084
0.047728574469239456
0.0501719568077873
0.047731924972076664
0.03565703877353155
0.038187843915683584
0.045246479827459204
0.0740242882792864
0.053882363783031885
0.06846644636163426
0.062136321802217155
0.07749570890560334
0.05415880311062739
0.06671845589502227
0.06121081233400148
0.06877845762397927
0.06243546313776491
0.06033049304821474
0.06511426007161177
0.03839199283725819
0.05092592492046455
0.04722551195301815
0.04371451244638677
0.059439172809606776
0.07289554645962411
0.051893482560704855
0.04129059498393771
0.05588260406253914
0.03221214900322333
0.05883832184921324
0.05250778118853437
0.056709913417061976
0.04941775514532891
0.050756122445267525
0.04925938638518453
0.04815340343757047
0.039133214140193676
0.036503440436608435
0.06223439534789435
0.07256232829675133
0.05699449094788355
0.044505897633131786
0.042812583870581386
0.043455519634613304
0.05002466911751424
0.04208129039455213
0.04882365493493905
0.07075082689747582
0.054668830141454454
0.055783823887050346
0.07781204126253041
0.0465412587272747
0.0699993785486472
0.05434732535585135
0.06590869081971305
0.07046734744557276
0.05428330896278384
0.06089536307773786
0.03594201749191817
0.05155016786976975
0.05546716205745771
0.05232296035658523
0.061984099705778645
0.047783975142172794
0.05263440244511504
0.06504466387325175
0.045615157732797666
0.04651453539782813
0.05513397474329622
0.054709660513681396
0.05028043312707278
0.06526006652321975
0.05880946338110769
0.0672323576231526
0.04258669749309608
0.059321979156407384
0.05600748964457368
0.04954668015945153
0.04796420369454996
0.05079796321263799
0.05936903188672304
0.055618489570360155
0.0626397555345749
0.04666529955427963
0.059160168840688476
0.057020242047121486
0.05545642594249171
0.03616684121677399
0.060315465345773284
0.04289105503293074
0.053991555019136786
0.04715010313222914
0.05288529828140202
0.0577840996636981
0.05520430385133778
0.05064562166441654
0.050756086138587876
0.059140252599664725
0.04140941120941573
0.05058125355184151
0.04806837661386575
0.05287605776185822
0.05750527628530009
0.05245977923312932
0.04334200619458875
0.034828944018713594
0.05105750548984654
0.05071417260180699
0.04424752397042628
0.05599569159363172
0.053112005389814414
0.042593409384767265
0.058240887666450525
0.04957462984837993
0.04440784557737543
0.042661380765371223
0.04863664147139618
0.04694239006934883
0.05024882219624334
0.056721549907749885
0.0504359634755638
0.047716039219461055
0.034918903087872585
0.044301212436214765
0.05520441589363397
0.03967447244686091
0.04983673746709931
0.03975205248809166
0.04945787807370776
0.04517655508254072
0.03111540433279696
0.03363944960571992
0.04265900477615317
0.04781531800680264
0.03311645403060464
0.04612122616472688
0.03882127525653148
0.04045984929805915
0.04207071727964719
0.041615184350823356
0.039795122779184816
0.04772603964392362
0.04024705156491672
0.038838136812255494
0.0439181708951735
0.03132601874807822
0.0378832109345544
0.03171811213978756
0.03947908076104849
0.0310589813772036
0.035720932880220775
0.03290533935223535
0.04237855938707978
0.039838312312841156
0.03525964244091758
0.04257236648701632
0.04005147516036571
0.04994220595830634
0.060080892531479274
0.0572123424526622
0.07114185294277
0.07098762568667043
0.06696246487845006
0.06215613720032959
0.06446126811107492
0.057733325459871074
0.07207657681414886
0.06555449325233148
0.06030284322833883
0.05902078885938674
0.05073436190626694
0.05834777110895978
0.06770715109700565
0.07366503475334607
0.0763095884717228
0.08403244172094237
0.09498836485640616
0.09993364202094093
0.06184763177538628
0.10195870277027111
0.1008416284391259
0.08006175916083438
0.07314629102734203
0.08201548760026783
0.08084910616694323
0.059210960057974
0.08796610598906682
0.082385029432298
0.08996484253347575
0.08105575832550907
0.08729813899075453
0.084656195119693
0.08222212931938641
0.07578810629351526
0.07685452350392302
0.07594761021567176
0.07809192061341882
0.07781358187675243
0.07560768568304409
0.10244249416127985
0.1033294607734287
0.08024648940130234
0.08070653506037151
0.07722996952935307
0.09393195307538955
0.06568188489374452
0.10477148824395793
0.06799958822684037
0.09110376864881517
0.06877493309550722
0.08434645517183209
0.10113586288485259
0.08427212545442868
0.08653566748300592
0.08905278504292709
0.08810943146955086
0.10151582572663284
0.08606920086419674
0.11022303838339534
0.09846097671707682
0.11393699365310822
0.10519351874307302
0.11151911146548127
0.11378082723324179
0.11126183364424498
0.12362299547194833
0.10449638095175535
0.10418057825785779
0.09159075396066779
0.10917992757826467
0.07698481563037068
0.08110602042540078
0.09777885252503321
0.10334345577725437
0.08327783820458595
0.08424149997564331
0.10660363275956633
0.08205292330866615
0.08570637790425559
0.09783807170675202
0.08553488482391078
0.0914337943150769
0.09169629402192188
0.07661179063264417
0.10482268497247352
0.09910803136627738
0.08566514731231967
0.07692508245436142
0.07994195719533453
0.08719100588166342
0.08456100779239437
0.06719947327124554
0.06555701346057013
0.08894982257068684
0.08801373341019136
0.07135031530916745
0.08988559791724361
0.07256001268879358
0.09373898895266483
0.08316732675091658
0.09160104092405022
0.0647566716341135
0.07788550864754107
0.06921223227981597
0.07752712706066725
0.058844513607663025
0.09631100871164239
0.07977534689375369
0.10050375104447411
0.07231513332944625
0.10018410680974354
0.0817106268724516
0.10812031527827261
0.08439407553507675
0.10966920064299533
0.07602700550616887
0.13115444213213107
0.11093149200296584
0.11144004043254341
0.09081820378858324
0.08440733465618713
0.09289685857407354
0.08891814238148776
0.07391823807650852
0.11498591580047818
0.079053601821133
0.10209982132011708
0.09164820991717537
0.11439384316739891
0.1087183353914304
0.1206979038352462
0.09445418777028716
0.12374658246956416
0.127307517371545
0.11458841934401374
0.10295635186230169
0.11812975673504741
0.07502192651814919
0.10529303485373312
0.1365977840295558
0.12120255705168123
0.13590648951443363
0.11026681303094317
0.1079101215721493
0.13551372042722626
0.09515575518748554
0.09968334973055427
0.12594350482770136
0.0978997988628254
0.097067787883823
0.09409193099753597
0.09362066131522706
0.08558531306366061
0.07474558659913831
0.0969829143776939
0.10984359828460974
0.11052614757668824
0.12138933353634479
0.08950339743298154
0.13280602192952015
0.09978917102602919
0.09779414832173469
0.11591542840854945
0.10646681229247215
0.1193793465275885
0.11562355879368416
0.14793152724901862
0.1013660180894207
0.12761986418046822
0.10551403041042819
0.13577869294564288
0.1278925520051899
0.09939970260738122
0.09134253080085879
0.12045866315458009
0.09997715929913087
0.09665983502005654
0.11474852727242593
0.1296214987683514
0.09816524048537592
0.08614689165647221
0.0835701480098729
0.07996567946157393
0.09923229731315722
0.0689238366480642
0.07489414932909526
0.0687618783897103
0.07761292771066676
0.05842038860810465
0.07533594622203112
0.06589425660906346
0.0703299934331444
0.0656887946089657
0.07327272196555801
0.06922447419136757
0.06271831011896145
0.058374154598526545
0.06827498099416283
0.07172405893121868
0.06689603424668072
0.06550963729760657
0.05081436131040866
0.06594167241013993
0.06620171724865678
0.07510737105278849
0.06230620725391252
0.06591376381625169
0.07099957240510657
0.07927254556290039
0.08310444383728276
0.06403119458229192
0.09057475537976627
0.07042135253475351
0.07396387624027821
0.059234296010241605
0.0883876333764925
0.08082069933906828
0.058579243195478345
0.09431443860695299
0.08410916624005402
0.0754327989315291
0.058721969488274656
0.10722981896173317
0.09506338674898324
0.07303355800493636
0.08821804745192116
0.08635164173745641
0.10622993994242436
0.10598692808653748
0.08945604295464084
0.09026113868029165
0.10644979967198634
0.0739237810827312
0.10067898962886396
0.10492815392818668
0.11638489978791047
0.08630654879661284
0.12027155866983197
0.06700581719242281
0.07150632920440111
0.09531087228230684
0.08671448107269997
0.08153212110501411
0.06677453758255622
0.11734958650613601
0.11442560066445977
0.110324049850285
0.08525432702369654
0.10244268136835112
0.08484237937456619
0.0920950334154263
0.11189204649891608
0.10157083886611837
0.08093036983200531
0.10696610831698122
0.07708371837466393
0.07653953875419806
0.10346103434758698
0.08999317818662098
0.12501166169097871
0.09401773200019842
0.08728337874519013
0.11390746739991203
0.11136014705071165
0.0780545779138645
0.12292512272180361
0.10568696976523581
0.1342625362254854
0.10221360244262041
0.09551738879326102
0.13775940718401342
0.09293777266902593
0.10620518954407746
0.09459732683708383
0.10842193163730866
0.117338151842092
0.07770964434775182
0.12546486433233095
0.1150970440014914
0.07632047044181174
0.12846358742388145
0.08944426101007566
0.10935252170549667
0.1418307973135949
0.06818765794009045
0.08785989042318583
0.09868292879681151
0.10982233374681626
0.17587923118228077
0.14155487173193063
0.14319003752902063
0.15119553256350277
0.18138442345296826
0.11139256969698369
0.13389282039768036
0.18008182692999405
0.13320167667013114
0.15435073827940954
0.15984239623218127
0.1094562931212422
0.09051347773123092
0.18002823901445308
0.10152770442012071
0.13686488124433782
0.14667106395611695
0.11983471162086035
0.1646924327456924
0.08449228641154173
0.11777334887732215
0.08078410146514636
0.09947156387147123
0.15068136289965345
0.09915817310493154
0.09376337896296097
0.11579305710303855
0.09739021456302827
0.13253491601261133
0.12351757691158564
0.11467433239853084
0.08060801163790642
0.06559900166650541
0.12258792283175497
0.11673333033524552
0.09424949848774207
0.10388387662301184
0.07402126600385739
0.07232771066422705
0.10570338768152253
0.08795755109085561
0.11244520923151421
0.10985511778993884
0.09137446338278953
0.13859559475293398
0.08305649127193113
0.11566117049581773
0.08662312856954593
0.14123989110065122
0.08161640712040089
0.10951165606247493
0.12651282644795536
0.09893860659818518
0.0857400364734309
0.10154823240820099
0.09629546119895731
0.10871769068186013
0.07850861266508458
0.09052118310631906
0.09823943842623442
0.17865268878677099
0.12970059674070147
0.12236094422283109
0.14187736082119096
0.10197458691636593
0.1108493415863526
0.17246519961959642
0.113893894805977
0.10173259742222306
0.13298695133147462
0.1499574677789532
0.1571467194527393
0.16422646748264702
0.1915149228242356
0.17626006152243628
0.1299685321456185
0.1681746759210437
0.16493376626160455
0.1386624246327886
0.2370818827449404
0.1614138270735624
0.18160084989260156
0.15543133992119817
0.11020490200142566
0.1341629785707467
0.14244156836632446
0.2123991510450588
0.1330867342014588
0.10971044435708131
0.13217554886720742
0.20350365829088576
0.13206606049022118
0.14766862255540444
0.11227994640570226
0.11542236822122234
0.18092197657069442
0.1794040752048493
0.14098631675985834
0.1390673195057801
0.17858409862032834
0.20741764863818857
0.19169222190479546
0.17131337688526987
0.18897620594476744
0.08557511979786431
0.1972305915887829
0.23573130660498864
0.20884578424478048
0.12800960882684315
0.1928335084824375
0.1830524841298839
0.16082618105510701
0.21637175058449049
0.1514093548299791
0.14487761102355973
0.14303042805428395
0.13355045802110974
0.12535603173192963
0.14830975947059588
0.17179807498886382
0.15924400215177423
0.10763319506191121
0.13680032653474766
0.16186604557806974
0.10983053187279895
0.1371898446983578
0.1259365502265891
0.12714328824897317
0.09481946018442423
0.13842762510492607
0.14431371073335353
0.11701888993561436
0.10175581213632072
0.1093476973004321
0.10726353454004166
0.11826048105756969
0.11479324642232008
0.11683134888791206
0.128994473638188
0.1035503634761577
0.07621950890138672
0.07782343162133104
0.061726527940293534
0.0848254469352342
0.10240891839031219
0.0995507747537971
0.1324608188986804
0.10525480763494012
0.0953897682564532
0.09866142076679518
0.10937976137161436
0.10198207139312526
0.08964242281261159
0.07604786339856226
0.08947768538680281
0.1013397649259158
0.09332247582849643
0.09351329641387902
0.07549555695474759
0.09531664454809255
0.07268120077979313
0.08272965595373868
0.07585818660952824
0.0874337938773108
0.10121276785928225
0.07617229678157174
0.08333682756282385
0.06427049019452027
0.09441732357893584
0.07387908361653757
0.0808595199191653
0.08106497119348707
0.07522223250317381
0.08499263181424399
0.0845667235263256
0.08415474920115205
0.06437401523841277
0.09362805415312016
0.07492212882917086
0.05793085100495196
0.08825893892196478
0.09938853512215849
0.11980419013531891
0.11459145675533833
0.1087520212954544
0.08613535580552606
0.10338722039767834
0.11674298980784191
0.09631208048073009
0.10108908627721531
0.0773957114376969
0.09427885793213661
0.09595747845085864
0.09748208124469054
0.08133774825412395
0.09265984221396228
0.07053792811773256
0.0834692403504479
0.09072292823049707
0.09791442606133768
0.08194870755878658
0.09058571756016412
0.07257573341780658
0.0646213976520009
0.08201186574406383
0.06138268525720923
0.07703153846085707
0.07676798525966425
0.06976009773764924
0.07837301752284982
0.0771770104461907
0.0707015470203783
0.06789997936575481
0.09030122103553732
0.07405979949536681
0.08673695455403262
0.06798896453100274
0.07464393429447047
0.08909684444608718
0.08375678939037352
0.07862222950384608
0.08146679272037419
0.0890195245672102
0.08443567232545944
0.057507770428878016
0.08246576129647551
0.0879001726990882
0.12023555676674888
0.08402620997840705
0.10975911494989488
0.08314330587787228
0.11477420154205027
0.07909591804053222
0.06045653188516216
0.09761130430480006
0.07606060472886
0.06419870245782011
0.081432454806913
0.063458913955947
0.07950988688067158
0.08805596243485295
0.06134072388294588
0.07690527089881939
0.09303663103760185
0.08173278891659287
0.09973632952002112
0.070077705053648
0.08688569610814359
0.0665368175251129
0.09481606032601317
0.09555910793789954
0.10367443782725233
0.0943530726342713
0.08545942765028097
0.10985446112287901
0.1176867638887813
0.10391904564897947
0.1302191827817972
0.10286343262613853
0.12143034564216282
0.08491649803995588
0.10971495331773468
0.10710476937777363
0.1081493176339808
0.08542575850220206
0.10688427248574237
0.08575269395993636
0.11999385439437586
0.11660388720979892
0.09917959116729347
0.08412508115730621
0.09138248841494928
0.07492886322897624
0.10069242743411327
0.08936880936682941
0.11783828020251985
0.1072080761851571
0.08655540771602147
0.0977325042114398
0.07357468140825664
0.09298454258511606
0.08726843235427528
0.07743568678261994
0.07151946122993552
0.08837216118456603
0.09331441206289096
0.0959268058239274
0.08368485337824637
0.0811020819937502
0.09139093024534375
0.07238043036510997
0.08595591585690227
0.07604303428529603
0.06668487838880224
0.07588712853041527
0.0837681436644238
0.07732853474840355
0.07756753703070783
0.08820422323348281
0.09057758465901328
0.05688707614173441
0.08188252784507626
0.0819875634219007
0.05872041369080275
0.08269873585986007
0.0872715131098114
0.07556645292657102
0.07771260564751685
0.05963704986668204
0.06896770597912877
0.08799610286809892
0.05997851993725771
0.08156198558769612
0.07422529622364332
0.06325096447932088
0.08397247735980361
0.08740106794330688
0.07065300870329713
0.06428477539551264
0.09799478168794444
0.0904196968941278
0.08878530927712328
0.08874115355718613
0.08209256539322861
0.07439527096862747
0.07521222380572137
0.08611039097564215
0.09874023871289343
0.09555650525252202
0.0766816116751588
0.0877072783594292
0.09899250091187915
0.08841131525404344
0.09144597127717176
0.09435637746575046
0.08872658553426543
0.09983668673578575
0.07988154736129024
0.08618484817838543
0.08740493642827349
0.08448840952853222
0.08092145046580827
0.08300445051477914
0.08746088595093857
0.07581275322277509
0.08633531530979628
0.09312530336702692
0.08252811883714509
0.07152087340337043
0.08506076205804419
0.07500735370355935
0.08292576664788315
0.09044355284470101
0.08922598495576978
0.07462673132497315
0.06911620210775768
0.0773304256906715
0.08399775638655178
0.07954658271719753
0.06219681624675215
0.08237591006188051
0.07879572700176248
0.0811526803582916
0.09278733177796933
0.07991890796385773
0.08896792918776542
0.10911512400396121
0.1042710885085715
0.10850463096810142
0.10971166643614012
0.11093671164281035
0.1147049384621128
0.11871802814810119
0.12710444983201852
0.0990674202163904
0.12546957538669123
0.12085652539098823
0.10442553110715022
0.11161247834843274
0.0915364608562825
0.09096632761694821
0.10605366915892123
0.1149933124291863
0.12119232237437427
0.1081379234551832
0.13730166478374334
0.1199646037581296
0.1011376066725485
0.13892675161202012
0.10926788659881743
0.11982779659602029
0.11979175081015257
0.11056499551056631
0.11678038251427716
0.116680086272254
0.13479009588886465
0.1023081711472382
0.1283014810952372
0.1227013040902272
0.16326717329438561
0.18085036056899137
0.18678660860367424
0.19265684177151945
0.18684803389568316
0.1829844467401717
0.19120420120028384
0.1691020726482525
0.14427360392706323
0.16205103458147718
0.149526719172658
0.12529150830004143
0.14823928923682114
0.15623358937465115
0.14618530773944274
0.16170574300813406
0.18700181119992787
0.1362451419852859
0.17464171166215875
0.19046939558713843
0.15601006791959712
0.1351133016196204
0.14618585990652283
0.13504298199410564
0.16136566070322259
0.16120861076163062
0.17057517975424963
0.16544452518226188
0.18642977060204524
0.14426058826663105
0.13032826077272014
0.11726308096190696
0.15463796588376222
0.14158372231697453
0.13029340685829308
0.14611349693245893
0.13710892123581875
0.14565148649458304
0.10606836027256777
0.13851712316540593
0.11206132849141615
0.1274212307682688
0.11552803668951367
0.11003427190908784
0.11291851938533054
0.10490874051497923
0.09052937483740851
0.09078393845994652
0.10302560928159513
0.10888958831246508
0.1137115468078268
0.10069508330296949
0.10754171029479184
0.1262766656369096
0.08689809321540318
0.1052994758284721
0.07959332144953066
0.0993336128907567
0.11111774594453902
0.08940355625343042
0.15789686741610914
0.11213838616888966
0.1512935392930575
0.12199530326382056
0.14198007926657352
0.1498691603615432
0.15554022386849622
0.12483548726326969
0.1472455777854312
0.14395618667256882
0.12553950031804345
0.14442404955844307
0.1194862098413893
0.1383234412610399
0.1306597732376819
0.10990153069769043
0.1433800327293211
0.12946263491607152
0.09258062660032157
0.1456757226231214
0.1578889497189251
0.1340950819167978
0.12196713679529045
0.11191294684901693
0.1215036915300534
0.13649418930254406
0.12207634505999339
0.10758956998856772
0.1407358603017733
0.11115024900883662
0.1236334922604829
0.12042257589655932
0.13461409725874468
0.1434738236054895
0.11647762338501426
0.11348363177435025
0.10830812342936216
0.0952779079801763
0.1265983421204587
0.12418501302854622
0.1368395542337166
0.08252434750048333
0.12046325623094403
0.09525946574791798
0.07417299594844573
0.061572631667427685
0.07565467767437505
0.06844875409803453
0.09266176709804966
0.10672283189706054
0.09586436853448713
0.08592339687249584
0.08180907838859901
0.07349300303143143
0.06476066829173989
0.09505301206911244
0.08899177332060673
0.12501228623058752
0.10762804084377954
0.1327522121620153
0.11997805057777888
0.12693029160026492
0.11962035852635863
0.12721879354416676
0.09449027958894321
0.11454610520197411
0.11253756834529464
0.0905326268654424
0.09704671386372483
0.10475839708555777
0.08738358881522652
0.061386016533703756
0.09565080428210054
0.06914268269286133
0.06071830644071634
0.06223822834813416
0.07368781981339577
0.06911137755959781
0.073450548717525
0.06579708366676355
0.08249013496934995
0.08945913737939198
0.08609230522752798
0.08784473307196101
0.0798132477194172
0.09517837354712089
0.08894344984295324
0.08828860273206521
0.09387724868764638
0.07126794314911311
0.08312158306115261
0.0834918691625371
0.06750069154313554
0.08186100152378589
0.08718688670987564
0.07251627777186281
0.08206404816953136
0.08284119409090189
0.07570526835897422
0.06966566067275179
0.07841743277253221
0.07731817502563655
0.07398476918797275
0.06301967729677918
0.08009949138874341
0.0700723513920219
0.0641557079155477
0.06871561405354285
0.0647184074893403
0.06827635966933751
0.07097699800104777
0.07035180275327957
0.09456934001223144
0.08747370275814033
0.08694617929117375
0.08929675492160376
0.09257902150570843
0.11012348053046614
0.11423551115145275
0.1148452168883701
0.12815163615241054
0.11844131495854501
0.12716828437102054
0.13401731768915276
0.10496360934911841
0.135266100163221
0.13450676815770346
0.14790463563081266
0.13243588445445836
0.12595921933291954
0.13760118613110292
0.14413240534587168
0.13739196627330175
0.15629251424135496
0.14121589199065854
0.15589616232719566
0.15556489430295634
0.15234624914751846
0.1418141100455928
0.13372065808715214
0.13379267765145553
0.14287763141455662
0.13565143944263844
0.14675132418849782
0.1271397551753488
0.10903359994357173
0.11808015929109157
0.11954912756881947
0.1182034054102249
0.12440786394990128
0.14801993534682362
0.13583686885282095
0.1472070775810096
0.14844618458775719
0.1262159362036881
0.12861046554519934
0.1401317989728373
0.1485428596106713
0.1459085236667048
0.14565427209656456
0.14558103436687628
0.13473685104631786
0.13730259122410932
0.13705689092552045
0.1400225110956795
0.13658930915106662
0.11726613455894978
0.1351919645722335
0.12797196358291632
0.13716565106304643
0.12483588948108149
0.12600521786286056
0.12438899324351542
0.1409014790087973
0.11678988718437201
0.11286033213577362
0.11957610485191517
0.10698852741276377
0.11323109701487348
0.0715300842849467
0.10047777640499983
0.1141545959377812
0.1147083249456244
0.11474953465407817
0.11238929501957236
0.12455791331645806
0.0985685240097086
0.07547531544967322
0.09913119561826317
0.12272729991110345
0.1056654652766614
0.1197532597239825
0.09981759801663402
0.11449063561379588
0.11366379793791853
0.09917984758372536
0.1147642347078513
0.10650280472075568
0.09154557550695774
0.0866007041407221
0.09944086904344418
0.10041037621282614
0.09418829786885226
0.10276598569067297
0.10269224264761045
0.08973928096583095
0.07279000846604033
0.08027022592099832
0.08095470821339457
0.07627591991182289
0.09026244783713627
0.08567508747571434
0.08498282611076435
0.09721009698382947
0.08388277074088257
0.09814551532482095
0.08173191461641252
0.09851204306525999
0.11610464202845455
0.12439315072651647
0.12005143109821143
0.12286094474100423
0.11011826027932092
0.11213198548860404
0.11393879175522698
0.10438950532406094
0.09560330283723661
0.10128675232381745
0.08958674367818031
0.11298445888333311
0.1251056279349008
0.11873859769143708
0.11050967269979797
0.12758113748116032
0.12175025566973224
0.12727820179331079
0.1267472704925739
0.12611299854658486
0.12152019049306527
0.09627810550890709
0.10772964530539164
0.10685807927687685
0.10671352357525327
0.10512779117190532
0.12248305446760532
0.12091026987705428
0.11659343318326668
0.1122036972700706
0.10714242674110952
0.09734326689368786
0.09316188665221765
0.11661119288140316
0.1050274391525313
0.10571495985710057
0.10954847637757437
0.11199474495345925
0.11107675135409935
0.10802584134800947
0.09886003208550591
0.08887953500695774
0.0791124818683136
0.08425354672270233
0.08409510695448431
0.0870414388457998
0.0972144173792607
0.10414778278805344
0.09606871760475486
0.08412652556577585
0.10623926150337465
0.09893489576039838
0.09440462544517833
0.10997912799511925
0.110526206168734
0.10965723184275661
0.1094698915972277
0.10857947003472596
0.09298804153561085
0.10732201609267272
0.10760331001583598
0.10123546078209783
0.10470980769154657
0.10533153566756998
0.10385021347468353
0.09476306028454165
0.08394748134422163
0.07595299721039633
0.09825221017840893
0.09433075216407132
0.09450145929376097
0.0843532569793336
0.09268589504245874
0.08246826570718338
0.09598743197818568
0.09569810312442789
0.09437933857199339
0.09460448037848987
0.0937131272732944
0.08957038557554291
0.09034646637054974
0.07917790693520249
0.0877248162856144
0.086771836144087
0.08203649736850216
0.07433832548386479
0.08458546107835782
0.08416368946283663
0.08030604091800726
0.07979593360817426
0.07921310423779597
0.07415137053750598
0.07064525321682011
0.0687454624139977
0.06019436624413685
