0.0
0.02
0.04
0.06
0.08
0.1
0.12
0.14
0.16
0.18
0.2
0.22
0.24
0.26
0.28
0.3
0.32
0.34
0.36
0.38
0.4
0.42
0.44
0.46
0.48
0.5
0.52
0.54
0.56
0.58
0.6
0.62
0.64
0.66
0.68
0.7000000000000001
0.72
0.74
0.76
0.78
0.8
0.8200000000000001
0.84
0.86
0.88
0.9
0.92
0.9400000000000001
0.96
0.98
1.0
1.02
1.04
1.06
1.08
1.1
1.12
1.1400000000000001
1.16
1.18
1.2
1.22
1.24
1.26
1.28
1.3
1.32
1.34
1.36
1.3800000000000001
1.4000000000000001
1.42
1.44
1.46
1.48
0.005692734163987571
0.005709149203846426
0.005758781811210874
0.005842816054696216
0.005963299612147921
0.006123263223162253
0.00632690553189285
0.006579864535345709
0.006889609092940237
0.0072660030248013615
0.007722125189180185
0.008275480598457997
0.00894982712761461
0.009778003138979663
0.010806442137836216
0.012102650017782837
0.013768139287670091
0.015961999492408143
0.01894666286593574
0.023184058184196672
0.029559078307178778
0.03997346104344751
0.0592505273703267
0.10326137732868546
0.2551551890195211
1.1477879787068987
1.0826068131159925
0.8434418811937308
0.7240189808316342
0.6539855259039706
0.6085954530141443
0.5774580803288754
0.5554564631049916
0.5397797995116627
0.5287602293859567
0.5213504162781604
0.5168804918835964
0.5149156866601333
0.5151792199838562
0.5175098141819714
0.5218373460252547
0.5281705963870319
0.5365971813830215
0.5472934793535206
0.5605275347465773
0.5766902195591374
0.5963496515068297
0.6203141466745801
0.649764611511668
0.6864789826236747
0.733252565433686
0.7947553522003958
0.8794648814323338
1.0046730898816771
1.2120386404779866
1.6195601136003872
1.5043025792826021
0.32799572580376474
0.13596003932454034
0.07765761956927023
0.051671378810389065
0.03753693503713912
0.028862675829133475
0.023090910647991902
0.019021347949013365
0.01602429944161845
0.013741008231977811
0.01195364485238595
0.010523078706325942
0.009356701636275831
0.008390721593415912
0.007579905508408702
0.006891375554148874
0.006300716536685736
0.005789454761152544
