3.776074326413704e-182
2.075841348109295e-05
0.00014985643749797987
0.0006019350029565577
0.0012596325378581026
0.0027591386900295127
0.005171394974919015
0.007689791605775933
0.011395503519443784
0.015067281946806569
0.01988487911241939
0.025048135154420958
0.031445444490317574
0.03876095506118654
0.046507906151525606
0.05442812644753998
0.06330860664045337
0.07123039244683728
0.08016004583191223
0.0904352849579522
0.1010554141707969
0.11218400272929625
0.12240780646217896
0.132104113683975
0.1431224528235773
0.15155834909234586
0.1605175576378276
0.16955055813444497
0.17800353919872838
0.18535493298460942
0.19355239896514034
0.204945803280942
0.21842773471135463
0.22791539371206151
0.23640530248882338
0.24553470924313053
0.2537428005958969
0.26314535600279015
0.27111193242518355
0.27892091418914233
0.2830506581938633
0.2890394415285001
0.2949545949897785
0.29869731899229657
0.30643924751668294
0.3126174882619068
0.3180151300276202
0.3220752377135018
0.3271299994403858
0.3301693279141604
0.33200509939864464
0.33485173586074524
0.3401420342010342
0.3416722862734939
0.3452686845680111
0.3463244614242507
0.3511932470308352
0.35430379043951077
0.3553824741836317
0.3575327588051376
0.35846543774700435
