0.4177535923275689 0.28803969590611267 0.3075787152619216 0.3344354405949131
0.4175285022612415 0.28818048720109174 0.3074337651769763 0.3345249827576557
0.41685519728832837 0.28860075825697645 0.3070005146804252 0.33479371450357887
0.41573956519099126 0.2892942325095629 0.30628372628513584 0.3352418479395383
0.4141913913540966 0.2902505565060898 0.3052912174633369 0.3358693977834805
0.4122243130875707 0.2914554646811027 0.3040336890603406 0.33667569651956936
0.40985574753042087 0.2928910163384432 0.302524501242681 0.33765876117477706
0.40710678600047456 0.2945359093776155 0.30077941134816366 0.3388145546704087
0.4040020469543922 0.29636587431816885 0.2988162897334773 0.3401361933400975
0.4005694798553406 0.29835414985493514 0.2966548299832166 0.34161315827645694
0.39684011322753804 0.3004720375887307 0.2943162686461838 0.34323057128351375
0.39284774195247907 0.3026895289454675 0.29182312713341513 0.3449685960980809
0.38862855131175694 0.30497599198078973 0.2891989848053513 0.3468020220650951
0.3842206782369902 0.307300900227859 0.2864682879489535 0.3487000806313701
0.3796637134870508 0.309634580500415 0.2836561947182778 0.350626535052224
0.37499815182195606 0.31194895213713564 0.2807884516241672 0.35254007095613366
0.3702648004720953 0.31421822704961616 0.27789129322937167 0.35439500042708555
0.3655041591220306 0.3164195385105979 0.2749913536926744 0.3561422757427703
0.36075578708267003 0.318533467162825 0.2721155769745616 0.3577307916781417
0.356057675194292 0.32054443536477595 0.2692911120170345 0.35910893826542367
0.35144564120363014 0.32244094568013115 0.2665451800653442 0.3602263500489441
0.34695276784304563 0.32421564586836094 0.2639049034110752 0.3610357841222083
0.34260890258772897 0.3258652108069376 0.2613970879979151 0.36149504844155605
0.3384402370759326 0.327390040917642 0.2590479562550681 0.3615688947927694
0.33446898245699513 0.32879378634286877 0.2568828308696976 0.3612307878699133
0.3307131544989787 0.3300827157399867 0.25492577462524113 0.3604644635029635
0.32718647916430604 0.33126495754334495 0.25319919558239223 0.35926519517746114
0.32389842557997844 0.3323496493262587 0.25172343047844137 0.35764069839443874
0.3208543689376359 0.3333460369863851 0.2505163220536008 0.3556116166357098
0.3180558809350851 0.334262569478177 0.249592807947032 0.35321155001660093
0.31550114003186736 0.33510603644317316 0.2489645397909504 0.3504866072334614
0.31318544820467314 0.3358807951924027 0.24863955119217543 0.34749448213372125
0.31110183527904633 0.3365881300659815 0.24862199250679506 0.3443030770825557
0.3092417265651561 0.3372257813670204 0.24891194879796819 0.34098871521494994
0.30759564477125356 0.33778767311202906 0.24950535524068357 0.33763400166341995
0.3061539133762822 0.3382638591561009 0.2503940216080093 0.3343254090896657
0.3049073261888039 0.3386406963436562 0.25156577441845246 0.33115067464763764
0.30384774705369216 0.33890124179169206 0.2530047218832366 0.3281961033936796
0.3029686048790844 0.33902585987043227 0.2546916429701767 0.3255438768807073
0.3022652525307817 0.3389930135582878 0.2566044976796838 0.32326946518555405
0.3017351637298576 0.33878020524096175 0.25871905098971765 0.32143923607852154
0.3013779497786557 0.338365024258857 0.2610095978779833 0.32010834678214245
0.30119518743936474 0.3377262530375914 0.2634497714337078 0.31931899225478716
0.3011900601298052 0.33684498077862246 0.26601341047011684 0.3190990697541408
0.30136682615638277 0.33570567359039494 0.26867545748058574 0.319461303239274
0.30173013922590447 0.33429715257426373 0.2714128525853164 0.32040285365296056
0.30228425714758606 0.3326134365318406 0.2742053847192837 0.3219054229966202
0.30303218362975454 0.3306544132514062 0.27703645820598777 0.32393584206751425
0.30397479463276245 0.32842631224118896 0.2798937315539411 0.32644711444068836
0.3051100042359781 0.3259419616881341 0.28276958627739013 0.3293798733697607
0.3064320249865675 0.32322082266501706 0.28566138715689576 0.3326641943132601
0.30793077404338665 0.32028880352575784 0.28857150184042657 0.3362216942539603
0.30959146921104197 0.31717786641913337 0.29150705705458657 0.33996784026574484
0.3113944485612735 0.3139254454262835 0.2944794207166837 0.3438143841907883
0.31331523441015613 0.31057370164759596 0.29750341341970943 0.3476718379972079
0.31532484782889086 0.3071686444624329 0.30059626836271564 0.35145190544303817
0.3173903646358235 0.30375915017125227 0.30377637486571696 0.3550697899886606
0.3194756890418799 0.30039590948013445 0.30706185604003805 0.3584463062487334
0.3215425078756756 0.2971303341147842 0.31046904481717114 0.3615097322924856
0.3235513775624097 0.29401345065991336 0.31401093324093127 0.36419735230032496
0.32546288854324734 0.2910948069567784 0.3176956767051604 0.3664566528745839
0.3272388481108904 0.28842141348908523 0.32152523691180585 0.36824615101852026
0.3288434229111586 0.2860367395128115 0.32549424428540563 0.3695358467377723
0.33024418650987836 0.28397978149896036 0.32958915233344016 0.37030730768137987
0.3314130250332426 0.2822842198850662 0.3337877433058734 0.3705534065674189
0.3323268642766272 0.28097767915154953 0.33805902718420894 0.37027774375587774
0.33296819395818933 0.2800811056961332 0.3423635555628525 0.369493796779672
0.33332537796508327 0.2796082776064334 0.3466541496789691 0.36822384560738636
0.333392752466552 0.27956545989076814 0.3508770191695757 0.3664977267296346
0.3331705256736982 0.2799512176640639 0.35497322660073305 0.36435147083790437
0.3326645029763372 0.28075639787816387 0.35888043386376256 0.3618258780563384
0.3318856685565767 0.2819642871978739 0.362534851418728 0.35896508168278163
0.3308496589927994 0.283550949446632 0.3658733010513179 0.3558151465903867
0.3295761657239391 0.2854857407229935 0.3688352979022966 0.3524227422991446
0.3280883017050796 0.2877319940269088 0.3713650582360447 0.34883392374308936
0.326411963548249 0.290247858388445 0.3734133455374304 0.34509304542034874
0.32457521448756443 0.2929872705355431 0.37493907848644176 0.34124182736295616
0.3226077063359515 0.29590103061839795 0.3759106392583755 0.33731858457111114
0.3205401509605409 0.2989379479880341 0.37630683829496947 0.3333576254977554
0.3184038444230608 0.3020460190215109 0.3761175109077365 0.32938882001310316
0.3162302404532171 0.3051735969073503 0.37534374049061364 0.32543733308705675
0.3140505648562316 0.30827051341093364 0.3739977214810717 0.32152351716361705
0.31189545914180206 0.311289115004098 0.37210229141865103 0.3176629537471194
0.30979464025997117 0.3141851802413213 0.36969017463692255 0.3138666328997104
0.3077765638192465 0.31691869158285324 0.36680298969537545 0.3101412579573435
0.3058680803626924 0.3194544425297013 0.36349007831844427 0.30648966160195296
0.3040940778769353 0.32176246936114333 0.35980721536397914 0.3029113183019076
0.3024771083034274 0.32381830531440203 0.35581525746879383 0.2994029369238638
0.3010370009560313 0.3256030630924509 0.35157878301635 0.2959591159669246
0.29979047095775657 0.327103358578653 0.34716476861035606 0.2925730423913565
0.29875073564926935 0.32831109415310133 0.3426413380882339 0.2892372135014825
0.29792715600099806 0.3292231237880971 0.3380766100747696 0.2859441599543697
0.297324923058035 0.3298408240758411 0.3335376599360601 0.282687146908941
0.29694481112424304 0.3301695956175672 0.32908960244539925 0.2794608298333463
0.2967830195976474 0.3302183180437202 0.32479479309593173 0.2762618417750538
0.2968311240391059 0.32999877971879565 0.3207121392269234 0.2730892901548148
0.297076154209449 0.32952510035381744 0.31689650725490603 0.26994514349491805
0.2975008125436203 0.32881316175061637 0.313398209449743 0.2668344919694473
0.29808384101268004 0.32788005913037743 0.31026255286078147 0.26376567020371733
0.29880053779046306 0.3267435832523053 0.3075294340503056 0.2607502361806297
0.29962341788530455 0.32542174197506185 0.3052329660013243 0.2578028061642363
0.3005230042643644 0.3239323290790792 0.30340112762847593 0.2549407518768714
0.3014687283769407 0.322292547939461 0.302055431372995 0.25218377236653805
0.30242991179098205 0.32051869779022296 0.3012106100074605 0.24955335866088882
0.30337679432341175 0.3186259305478873 0.30087432959561966 0.2470721740323264
0.30428156899051356 0.31662808613319854 0.30104694112422103 0.24476337616676666
0.3051193807163845 0.31453761363138544 0.30172128823365213 0.24264990950397702
0.30586924434156765 0.3123655842174531 0.302882592332604 0.24075379638849412
0.3065148383087319 0.3101217994001665 0.3045084388397782 0.23909545445891475
0.30704513359349445 0.3078149947891552 0.30656888906288804 0.23769306506470517
0.3074548229898939 0.30545313538000346 0.30902674109209216 0.2365620137058353
0.30774452360157656 0.30304379352185884 0.3118379599419716 0.23571441890352518
0.30792073503537865 0.30059459562062574 0.3149522920335789 0.2351587609438194
0.3079955469104417 0.2981137186422617 0.31831407210998275 0.23489961701116197
0.3079861013323677 0.295610413041588 0.3218632221096952 0.2349375047314328
0.30791382829924685 0.2930955252577659 0.3255364318041427 0.2352688323805146
0.30780348391512513 0.2905819907320724 0.3292685006809355 0.2358859511839879
0.3076820320893039 0.2880852677664734 0.33299381026065716 0.23677730330688865
0.3075774194364099 0.2856236835859531 0.33664788646089244 0.2379276582490069
0.3075172997822406 0.2832186667001551 0.3401690034611681 0.23931843024077307
0.3075277685630205 0.28089484396279535 0.3434997744197376 0.2409280696041217
0.30763216817020583 0.27867998637100605 0.34658867088513223 0.24273252157317743
0.30785002280148277 0.276604794312289 0.34939141221400827 0.2447057464223457
0.3081961556773319 0.274702520272552 0.3518721689380605 0.24682029462191055
0.3086800328025289 0.27300843455159823 0.3540045297829985 0.2490479299106553
0.3093053661989169 0.2715591468772298 0.35577219067194504 0.25136029153193656
0.3100699962703112 0.27039180357637776 0.3571693350726557 0.25372958444911553
0.3109660583694611 0.26954318581095615 0.35820068782292586 0.2561292833026266
0.31198042349901656 0.26904873904342064 0.3588812383140262 0.2585348324857913
0.3130953882228671 0.2689415671669758 0.35923564278579856 0.2609243213905949
0.31428957512792266 0.26925142650670225 0.3592973286510189 0.26327911105677687
0.315538993358731 0.2700037551442053 0.3591073354557575 0.2655843866045856
0.31681819956519747 0.2712187717933123 0.35871293666587645 0.2678296093549256
0.31810149364927004 0.2729106758831284 0.3581660934989411 0.27000884375540196
0.3193640813990236 0.2750869767716583 0.3575217962592323 0.27212093731313763
0.32058313769268937 0.2777479753470933 0.35683635006567915 0.2741695366923524
0.3217387094578127 0.28088641593101543 0.3561656606810856 0.2761629297920663
0.3228144067686737 0.2844873206446653 0.3555635727243802 0.2781137116258394
0.3237978429155898 0.28852801249514726 0.355080307371442 0.28003828067765857
0.3246807993243851 0.2929783276189967 0.3547610402883216 0.2819561814900439
0.3254591079984033 0.29780101158559347 0.35464465356304076 0.28388931787692717
0.3261322617109473 0.3029522895668693 0.3547626883244575 0.28586106867094563
0.3267027794179882 0.3083825956274143 0.35513851797115925 0.2878953437020441
0.32717537019357723 0.314037442436878 0.3557867557538808 0.2900156212727616
0.32755595236937035 0.31985840936932547 0.3567129049810464 0.2922440094254386
0.3278505945659853 0.3257842242164024 0.35791325531805773 0.2946003716698085
0.32806445121262573 0.3317519115714992 0.35937502436916074 0.29710155365436064
0.328200766490557 0.3376979793096968 0.3610767397211087 0.29976074083048027
0.3282600172296335 0.3435596134773851 0.3629888526083244 0.3025869689694158
0.3282392572776695 0.34927585132774197 0.36507457006640787 0.30558480008685995
0.32813171371047745 0.3547887022386952 0.3672908876826388 0.3087541666340439
0.327926669709207 0.36004418690701323 0.3695897997526473 0.31209037747738433
0.3276096509985195 0.36499326662926856 0.3719196578811561 0.3155842709179457
0.32716291358712873 0.3695926367717525 0.37422664304740483 0.3192224933998116
0.3265662114459752 0.3738053618008456 0.3764563102646007 0.3229878780682033
0.3257978049631611 0.37760133356282005 0.37855515968563413 0.32685989521421116
0.3248356557005863 0.3809575398794553 0.3804721839007032 0.33081514691869
0.32365874113882825 0.3838581368960333 0.3821603388009201 0.33482788070369535
0.32224841547933886 0.3862943258202029 0.3835778852519548 0.3388705013408436
0.3205897396224634 0.388264042463245 0.38468955131702054 0.3429140656193341
0.3186727052766131 0.38977147598400214 0.3854674700944672 0.3469287512028152
0.3164932845724191 0.39082644100610836 0.38589185637805007 0.35088429701920704
0.31405424704849394 0.3914436343452707 0.3859513960550042 0.3547504182657037
0.31136569967936273 0.3916418134428495 0.3856433349397463 0.35849720348898817
0.3084453217756014 0.3914429377772759 0.3849732679017383 0.3620955038708193
0.30531828402673244 0.39087131660593954 0.38395464382659433 0.36551732554217947
0.3020168585637928 0.38995280607597355 0.3826080161965662 0.3687362343984642
0.2985797436102668 0.38871409587491984 0.38096008191857494 0.37172777963597475
0.29505114108931807 0.3871821201821339 0.3790425615554787 0.3744699374146582
0.2914796376420587 0.38538361992019526 0.37689098155903805 0.3769435701764338
0.2879169482645872 0.38334487356292674 0.37454342289573017 0.37913289083427076
0.28441658679293796 0.38109160256591085 0.37203930028822935 0.38102591497710053
0.2810325285899617 0.3786490455125031 0.36941823213745023 0.38261487909071895
0.27781792808051076 0.37604218307004916 0.3667190533010393 0.3838965991907836
0.27482394751832456 0.3732960846245358 0.363979011811315 0.38487274269351673
0.2720987440161176 0.3704363377894509 0.3612331770745622 0.38554998713468347
0.2696866500544068 0.3674895145769591 0.35851407203125013 0.3859400426059131
0.26762756915299263 0.3644836234630616 0.3558515262014985 0.3860595204083844
0.2659565939755685 0.36144849528967404 0.3532727315457529 0.3859296381099632
0.26470383972136446 0.3584160531375802 0.35080246964015105 0.3855757604215923
0.2638944721194839 0.35542042196143075 0.3484634676817397 0.38502678541469926
0.2635488975213324 0.3524978426566054 0.3462768330025075 0.3843143958129421
0.26368307323778856 0.3496863668623884 0.3442625115611209 0.38347220459581605
0.2643088900125023 0.3470253225358335 0.3424397155240575 0.3825348321598389
0.26543457580933005 0.34455455534009594 0.34082726851166056 0.38153695809545274
0.26706507115733036 0.34231346625947345 0.3394438240884139 0.3805123937027988
0.26920233113768033 0.3403398806148907 0.3383079231169757 0.3794932213318742
0.2718455174528974 0.33866879685866785 0.33743786798598135 0.3785090433669864
0.2749910553717311 0.3373310743057221 0.33685140564277744 0.377586377303062
0.2786325439348954 0.336352126575286 0.33656522591693167 0.3767482242475672
0.28276052267780455 0.33575069142328856 0.33659429589061257 0.37601382691483937
0.28736211317332855 0.3355377475127823 0.3369510641743302 0.3753986205323199
0.29242056774924274 0.3357156444145233 0.33764458008205545 0.3749143669541056
0.297914769640754 0.336277503919437 0.33867958119613145 0.37456944964588634
0.30381873756229943 0.33720693898856413 0.34005560815752206 0.3743692960302182
0.3101011923959581 0.3384781219907433 0.3417662073817783 0.3743168848459657
0.31672524385557144 0.34005621708973227 0.34379828065311263 0.37441329041423166
0.323648250405224 0.34189817367681075 0.34613163525523255 0.37465821353726314
0.3308218965808083 0.34395385961162217 0.3487387797192338 0.3750504504491576
0.33819251876218925 0.3461674957551515 0.3515849988467562 0.37558825676063845
0.3457016943009047 0.3484793378276781 0.35462872799981243 0.3762695723694241
0.3532870909385407 0.35082753886835694 0.3578222314655161 0.3770920852329404
0.3608835550557258 0.35315011622179837 0.3611125738267083 0.3780531258644835
0.36842439994207865 0.355386941542918 0.36444285757401235 0.37914939937190517
0.37584284038515564 0.3574816710799869 0.36775368556438276 0.3803765766523141
0.38307350866601814 0.3593835365114873 0.37098479420801855 0.381728779807707
0.3900539804450734 0.36104892367703995 0.37407679320057863 0.3831980078488149
0.39672623756107306 0.3624426772297761 0.37697294082239075 0.384773556368919
0.4030379985452226 0.3635390829188665 0.37962088072935724 0.3864414884077503
0.40894385631669905 0.36432249509447634 0.3819742669723345 0.3881842128161027
0.41440617530113943 0.36478759420539336 0.38399420867427786 0.38998022105893065
0.41939571597845626 0.36493927656151415 0.38565047409268544 0.391804023910082
0.42389197225753694 0.36479219548354114 0.38692240519023374 0.393626316591054
0.42788322461764783 0.3643699882364243 0.38779950761699783 0.395414385575257
0.4313663282012746 0.3637042360224065 0.3882816963066255 0.3971327537119423
0.43434626870461085 0.36283321412819564 0.3883791927482159 0.398744043818598
0.4368355289843921 0.36180049560497207 0.38811208543904196 0.40021002573559217
0.4388533151466713 0.360653474355812 0.38750957913258716 0.4014927991953795
0.4404246922871576 0.35944187219423435 0.3866089704842723 0.40255605566497255
0.4415796772242011 0.3582162895387861 0.38545439696869443 0.4033663571982839
0.4423523291066705 0.3570268513655284 0.3840954121379087 0.4038943695461525
0.4427798696115811 0.3559219894951645 0.38258544330789185 0.40411599020149985
0.44290185370782903 0.3549473900460061 0.3809801877505838 0.4040133192363228
0.44275940088486065 0.35414512184817293 0.3793360008070115 0.4035754309513324
0.44239448652766883 0.3535529487473436 0.37770832457244247 0.4027989165337466
0.4418492848094446 0.3532038169705177 0.3761501995952196 0.4016881810251555
0.44116554886615383 0.35312549893925355 0.3747108950683035 0.4002554908677976
0.44038401158703244 0.35334036780599626 0.3734346859273002 0.39852078016482434
0.4395437912186561 0.3538652730562925 0.37235979864446545 0.39651123379907877
0.4386817899004645 0.3547114870101761 0.3715175417107476 0.3942606732071071
0.4378320796729202 0.3558846949324073 0.3709316320263978 0.3918087756892939
0.43702527862337015 0.3573850073943214 0.3706177246813226 0.3892001607215016
0.4362879286976177 0.3592069819127392 0.3705831507309939 0.38648337712585984
0.43564189528660907 0.3613396508777177 0.3708268652586384 0.3837098236390701
0.4351038160194521 0.36376656334715546 0.3713396058747295 0.38093263295793217
0.4346846314124389 0.3664658583125314 0.37210425943722575 0.37820554632102
0.4343892325034611 0.3694103954048883 0.3730964318229592 0.3755818026059379
0.43421625996565566 0.3725679746927765 0.37428521178611446 0.3731130631510121
0.4341580853495277 0.3759016794030389 0.3756341151935786 0.3708483912439946
0.43420099823526703 0.37937037353701814 0.3771021902884689 0.36883330347330395
0.4343256136256906 0.38292938027884776 0.37864525833612234 0.36710890876466024
0.4345075025211215 0.38653135701024977 0.3802172574416859 0.3657111496679074
0.43471803608383663 0.3901273692640526 0.3817716510068498 0.36467015900189925
0.43492542099567666 0.39366815003468947 0.38326285679724087 0.3640097430109593
0.43509589142629995 0.3971055137789568 0.38464764851428757 0.36374699951522166
0.43519501230180235 0.4003938776377182 0.3858864796472866 0.3638920760600964
0.43518904003299186 0.4034918274116193 0.3869446796535548 0.36444806885790904
0.43504628112515314 0.40636365408761405 0.38779347544802273 0.36541105860169126
0.4347383865684736 0.4089807794931563 0.3884107968544932 0.36677027439154447
0.4342415208305192 0.41132298788258825 0.3887818329422413 0.36850837251554375
0.43353734866966276 0.4133793844467252 0.38889931669519645 0.37060181316632496
0.4326137906941443 0.41514901191168574 0.3887635276957574 0.3730213158042092
0.43146550925052063 0.416641072085932 0.3883820157545584 0.37573237313684366
0.43009409931188564 0.41787471948053584 0.38776906187835103 0.3786958047403996
0.42850797387714107 0.41887841761753714 0.3869449057908868 0.3818683341551022
0.42672194919671175 0.41968887370865476 0.38593478057338354 0.38520317758426764
0.42475655103496746 0.4203495922240189 0.3847678041191553 0.3886506376445904
0.42263707825374913 0.42090911066055237 0.38347578338626015 0.3921587013327464
0.42039247335283464 0.42141899988806003 0.38209199045339814 0.3956736467771333
0.4180540603920303 0.42193172540808577 0.38064996892832115 0.39914066771488727
0.41565421822276083 0.4224984737156745 0.37918242535367014 0.40250452733408637
0.41322506062109887 0.42316704919578574 0.37772025316992996 0.40571025367012503
0.4107971944026005 0.423979941618021 0.37629172701841035 0.4087038868879219
0.4083986218287916 0.42497265282527413 0.37492189337605747 0.4114332845251547
0.4060538447769389 0.4261723546062734 0.3736321705255107 0.4138489843961976
0.4037832157071947 0.42759692932168525 0.37244015757617127 0.41590511689437165
0.40160256515051573 0.42925442218135834 0.3713596395781483 0.41756034961699773
0.3995231182008765 0.4311429108111699 0.37040076457139864 0.4187788384401439
0.3975516944270255 0.4332507755267546 0.3695703594305839 0.4195311512983376
0.39569116790423375 0.43555733400110125 0.36887234517223993 0.4197951248410798
0.39394114788152684 0.4380337879437575 0.36830820933778813 0.41955661056921195
0.39229882702736274 0.4406444178084929 0.36787749326247254 0.41881006651746744
0.39075993414199245 0.4433479548152286 0.3675782553428098 0.4175589533012294
0.38931972234601936 0.44609905770265623 0.36740747743929225 0.41581589935532565
0.3879739224126318 0.44884982423571373 0.3673613897040589 0.41360260914612507
0.386719594142968 0.4515512738816447 0.36743569865248876 0.410949499465975
0.3855558162047527 0.45415474732263694 0.3676257133548121 0.4078950618495529
0.3844841660831197 0.45661317955551284 0.3679263743365025 0.4044849627805593
0.38350895590383494 0.4588822151884585 0.36833219832343145 0.40077090672613314
0.3826372058814011 0.46092114621180286 0.36883715865120603 0.3968092992144127
0.381878353920373 0.46269366318550104 0.369434525463307 0.3926597573291145
0.38124371634883286 0.46416841985695917 0.37011669146406906 0.3883835224706321
0.3807457298488375 0.4653194183485865 0.3708750079379138 0.3840418345744788
0.3803970174703631 0.4661262271266908 0.37169965221757467 0.379694327971543
0.38020933146883557 0.4665740470897414 0.37257954223461814 0.3753975067511826
0.3801924321200399 0.4666536425725301 0.37350230685452246 0.37120335210835476
0.3803529644171098 0.46636115424257185 0.37445431314787986 0.3671581061797602
0.3806933936657716 0.46569781020295026 0.37542074438778766 0.36330126691614684
0.38121105671548283 0.4646695505352429 0.3763857161672388 0.35966481731538275
0.38189737833734855 0.46328657937649353 0.37733241326540273 0.35627270061498634
0.38273729267508505 0.46156285768428773 0.37824322724909415 0.3531405415630047
0.3837088984426423 0.4595155492439597 0.3790998745438321 0.3502756033377808
0.3847833643598569 0.45716443223271835 0.3798834768691692 0.34767696064758935
0.38592508894409977 0.454531288694786 0.3805745902811365 0.34533586244632897
0.38709210690559415 0.4516392844427554 0.38115317515708996 0.3432362528248169
0.38823672363990247 0.44851235198838185 0.3815985066803979 0.341355416081382
0.3893063501753402 0.44517458892637995 0.3818890330140653 0.33966471167623236
0.39024450378698666 0.4416496835888543 0.3820021956420518 0.3381303665165476
0.39099193456099135 0.4379603786607952 0.38191423259766494 0.33671429546270143
0.39148783556570665 0.4341279817845312 0.3815999898958515 0.33537492565700855
0.39167109390247257 0.4301719300546076 0.38103276901362243 0.3340680057660238
0.3914815415840367 0.42610941286373466 0.3801842384952021 0.332747386990882
0.39086116863098697 0.4219550550143786 0.3790244356849063 0.3313657682549302
0.3897552656127069 0.41772065960193466 0.3775218804036251 0.32987540289876216
0.3881134686635678 0.41341500814976295 0.37564381644930184 0.32822876816026303
0.3858906863309228 0.4090437140509539 0.37335658960911644 0.3263792014588024
0.38304789402379286 0.4046091247075316 0.37062616298311346 0.3242815089240992
0.37955278793538744 0.4001102679377849 0.36741876241018095 0.32189255171771614
0.3753802957803575 0.39554283923813827 0.3637016371914022 0.31917181460768906
0.37051294627556225 0.3908992282339705 0.3594439145730344 0.31608195918995896
0.3649411028541888 0.3861685849420536 0.3546175209193574 0.31258936139272053
0.35866306958954886 0.3813369290305449 0.34919813838717256 0.30866462978497766
0.35168507876246896 0.3763873077852999 0.343166163299781 0.30428309808583404
0.3440211700606187 0.3713000106364536 0.33650763129446143 0.2994252824671587
0.33569297123536906 0.3660528495388623 0.3292150745900124 0.2940772920456127
0.3267293893847352 0.36062151494698075 0.3212882782464705 0.2882311795903315
0.3171662211140699 0.35498001636157733 0.3127349049044125 0.28188521906713293
0.3070456888717858 0.34910121432843916 0.30357096103714337 0.2750440972469393
0.29641590995501776 0.34295744732474165 0.2938210820865309 0.26771900818470806
0.2853303041713157 0.33652125228341645 0.2835186188689185 0.25992764180605593
0.27384694601184445 0.32976617180467555 0.2727055132399618 0.25169406093912716
0.2620278674646015 0.32266763472047827 0.2614319571142053 0.24304846467365143
0.24993831824308682 0.31520389003435606 0.2497558354569931 0.23402683967230645
0.23764599115082563 0.30735696783872457 0.23774196068693343 0.22467050475957467
0.22522022143552212 0.29911363512394307 0.2254611128889542 0.21502555755178218
0.21273117017962057 0.2904663099349591 0.21298890713227084 0.20514223489044298
0.20024900289271566 0.28141389454736543 0.20040451575422868 0.19507420127066
0.1878430753895337 0.27196248757982566 0.1877892794075706 0.18487778124270335
0.17558113964706334 0.26212593646592436 0.175225245649679 0.17461115288547485
0.1635285825533875 0.2519261955597479 0.16279367755528878 0.16433351992763395
0.15174771023579098 0.24139346126797334 0.1505735769707728 0.15410427998219078
0.1402970899647375 0.23056606374556876 0.13864026737572954 0.14398220574102477
0.12923096048126223 0.21949010446812697 0.12706407974774717 0.13402465493396806
0.11859872002370865 0.2082188398783457 0.11590918132541415 0.12428682347792123
0.10844449939538943 0.19681182267988678 0.1052325818458565 0.11482105460103567
0.09880682519794433 0.1853338235503228 0.09508334493498673 0.1056762148886995
0.0897183759526825 0.1738535663942911 0.08550202420289718 0.09689714621270379
0.08120583135310097 0.1624423191322466 0.07652033468419459 0.08852420041435026
0.07328981245282574 0.15117238888425638 0.06816106106084424 0.08059286145461948
0.06598490831372264 0.14011557485695708 0.06043819512861159 0.07313345756081954
0.05929978263469985 0.1293416340275474 0.053357286710899565 0.06617096373848547
0.053237352258429335 0.11891681376743814 0.0469159851190938 0.059724892940119095
0.04779502829885136 0.10890250196087543 0.04110474264753794 0.05380927226053683
0.04296501000982284 0.09935403921479091 0.035907647698899446 0.04843269884200764
0.038734621455496464 0.0903197298288931 0.031303353057731284 0.043598468802093004
0.035086681539284355 0.08184007880904783 0.027266064531087302 0.039304771516196775
0.03199989895318334 0.07394727193716026 0.0237665564982639 0.03554494104973622
0.029449285034687314 0.06666490535487607 0.020773183597974688 0.03230775646720433
0.02740657923922344 0.06000796085481102 0.018252861496208347 0.029577783136074537
0.0258406837970544 0.05398301362340761 0.016171994044489265 0.02733574793972038
0.024718105951145333 0.04858865097816144 0.014497328770246185 0.02555894242111502
0.024003407787815047 0.04381607401452383 0.013196727176920213 0.024221649167465848
0.02365966490657884 0.039649849229858675 0.012239840463584034 0.02329558805835547
0.023648935886825408 0.03606877420753364 0.011598684771450492 0.02275038016783874
0.02393274459427478 0.03304682029398228 0.01124811278940353 0.022554027971101998
0.0244725767784025 0.030554115756938456 0.011166180463124223 0.022673410919071445
0.025230391150646746 0.0285579349670629 0.011334408709316884 0.02307479531075885
0.026169143270522815 0.02702366243528851 0.011737940579768923 0.023724356668738504
0.027253318228606997 0.025915704769794993 0.012365594457639162 0.024588711527206347
0.028449465476673593 0.025198328484797784 0.013209813850478994 0.0256354537603719
0.029726726427098484 0.02483640680221101 0.014266514434964631 0.026833688459856245
0.031057342856642564 0.024796063863901863 0.015534829455795403 0.028154554113548908
0.03241713193587484 0.02504520987732862 0.01701675559122491 0.02957172168043268
0.033785912079497334 0.025553965450651618 0.01871670310859528 0.03106185734564985
0.035147862954950655 0.026294977575915337 0.02064095659799788 0.032605034517258186
0.0364918030284243 0.027243633272034346 0.022797055747759695 0.03418508019678063
0.03781136904123641 0.028378179722402568 0.02519310937091458 0.03578984137029456
0.039105083803405126 0.02967976178909855 0.027837059975585943 0.03741135860286042
0.040376301607966736 0.03113238904281907 0.030735920288106667 0.03904593656936198
0.041633024291400596 0.032722844930413005 0.033895006928888985 0.040694104723444285
0.042887585322486974 0.03444055045413959 0.037317199529795814 0.04236046551244556
0.04415620408408967 0.03627739383030814 0.04100225560294881 0.04405343223605108
0.04545841748380146 0.03822753612901646 0.04494621210640722 0.045784863511335226
0.0468164009435736 0.04028720099720206 0.04914090366287316 0.04756960600791112
0.04825419543322518 0.0424544543844147 0.05357362464056463 0.049424961312225436
0.04979686130428773 0.04472897789494855 0.05822695779308375 0.0513700961537396
0.051469583055359015 0.04711183716455841 0.06307878600464935 0.05342541751527728
0.05329675166375677 0.0496052446914834 0.06810249615873927 0.055611935169833024
0.055301052642063434 0.05221231501732184 0.07326737562208378 0.05795063384621348
0.057502588461969456 0.05493680920768859 0.07853919278808559 0.06046187554099156
0.059918063420065046 0.057782865341946 0.08388094409274009 0.063164849586369
0.06256005743515541 0.06075471225068658 0.08925374146397158 0.06607708417430765
0.06543641273947082 0.06385636504173785 0.09461780683397124 0.06921402843205443
0.06854975406624131 0.0670913029640572 0.09993353461367556 0.07258870920852571
0.07189715887955288 0.07046213273785953 0.10516257927856953 0.07621146186143776
0.07546998959369089 0.07397024342830588 0.11026892369430293 0.08008972992668087
0.07925389475338065 0.07761546200664636 0.11521988461711091 0.08422792496467119
0.08322898096188838 0.08139572164081812 0.11998701487710141 0.0886273354084338
0.0873701521165775 0.0853067571908372 0.12454686687866474 0.0932860720889324
0.09164760739966832 0.08934184407222877 0.12888158888318385 0.098199038379179
0.09602748462354767 0.09349159735489988 0.13297933362132255 0.10335791455567234
0.10047263108076634 0.09774384751332676 0.1368344675935378 0.10875114888121429
0.1049434801217754 0.10208360755057598 0.14044757841084074 0.11436395181728369
0.10939900838872799 0.10649314329543064 0.14382528617314444 0.12017829433893185
0.113797746069128 0.11095215463232061 0.14697987270726312 0.12617291615138027
0.11809881078406766 0.11543807047765273 0.1499287491086976 0.13232335426603373
0.12226293486403615 0.11992645475472095 0.15269378718309387 0.13860200645846799
0.126253455846721 0.12439151479334104 0.15530054392319767 0.14497824721143204
0.13003724109204076 0.12880669787174528 0.15777741007019264 0.15141861551470046
0.1335855194610529 0.13314535640992248 0.16015471419435381 0.15788709410927365
0.13687459602727767 0.13738145796828374 0.16246381278215297 0.16434549828522926
0.13988642972336404 0.14149031299826512 0.16473619479374782 0.1707539891377872
0.14260905857107928 0.1454492914473842 0.16700262634722524 0.17707172132982246
0.14503686254842624 0.1492384989606529 0.16929235788554026 0.18325762907718976
0.14717066001530235 0.15284138456277385 0.17163241265118553 0.1892713465309465
0.14901763970327017 0.15624525427249014 0.17404697174281755 0.19507425031766415
0.15059113629209014 0.15944166892555547 0.1765568676011592 0.20063060311306946
0.15191026323676013 0.16242670932918235 0.17917919454075668 0.20590876820429366
0.15299942145764667 0.1652010974526064 0.18192704191473416 0.21088245650606088
0.15388770646156913 0.16777016836431863 0.1848093526228501 0.2155319599099455
0.15460823916167024 0.17014369374296687 0.18783090686619927 0.21984531863154855
0.15519744691151852 0.17233556372097117 0.19099242822173373 0.22381936582503692
0.15569432095496966 0.1743633393076609 0.19429080617778685 0.2274605905669882
0.15613967461461353 0.17624769246874794 0.19771942619558788 0.23078576072396756
0.15657542321187237 0.17801175494988244 0.2012685951529003 0.23382225048484168
0.15704390216315853 0.17968040001490032 0.2049260467587748 0.23660802363277736
0.15758723427014776 0.18127948336335936 0.2086775083416499 0.23919123300194103
0.15824675134834962 0.1828350705770594 0.2125073075009948 0.24162940891227344
0.15906246950527955 0.1843726785331095 0.2163989947089274 0.2439882244394816
0.16007261209602192 0.185916557346037 0.2203359563022068 0.2463398427172155
0.16131317013459437 0.18748903761270472 0.22430199165483375 0.24876087046657638
0.16281748714075855 0.18910996509058867 0.22828182886537401 0.25132996181882494
0.16461585436073506 0.19079624150953367 0.23226155516310698 0.2541251363106551
0.16673510318039525 0.19256148607648613 0.23622894147799145 0.2572208936520392
0.16919818434901393 0.1944158274732876 0.24017364517508075 0.260685224404524
0.1720237281748252 0.19636583088193446 0.24408728066327354 0.26457662898119066
0.17522558579835862 0.19841455894096252 0.24796335419075902 0.26894126638428995
0.1788123585102454 0.20056175971705478 0.25179706629091475 0.27381035797883235
0.18278692926491102 0.20280416898310402 0.2555849926381443 0.2791979697250683
0.18714601739942316 0.2051359085819141 0.2593246610779307 0.2850992883042585
0.19187978344247794 0.20754895771063628 0.26301404887553886 0.291489492440221
0.19697151518820277 0.2100336698928401 0.2666510293841372 0.29832330076645047
0.20239742841326 0.2125793055232383 0.270232801029874 0.3055352524955453
0.2081266153820377 0.21517454846382233 0.27375533350067477 0.31304074793312847
0.21412117144235213 0.21780797548007153 0.2772128661627187 0.32073784385683196
0.2203365245896828 0.22046844949507075 0.28059749198086803 0.32850976549624783
0.22672198509721392 0.22314541176620992 0.28389885666447945 0.33622806399170907
0.23322152258198248 0.22582905408488882 0.28710399757764843 0.34375631751591923
0.23977476676985723 0.2285103597542577 0.2901973404098229 0.35095424739312003
0.2463182164147799 0.23118101105848918 0.2931608640333844 0.357682099064306
0.2527866290682114 0.23383317070873255 0.29597443576018806 0.3638051228827586
0.25911455344524004 0.23645915473232532 0.2986163107549246 0.36919798239746643
0.2652379567185495 0.23905102378230272 0.3010637810795024 0.3737489185020821
0.2710958918281377 0.24160012817287493 0.3032939521259951 0.3773635066582505
0.27663214533252345 0.2440966484061863 0.30528461741362517 0.3799678609540624
0.28179680479392716 0.246529176940693 0.30701519720386367 0.38151116220463566
0.2865476863495056 0.24888438799290477 0.30846770240081783 0.38196741642768806
0.29085156794241446 0.2511468399774765 0.30962768296383897 0.3813363833018047
0.2946851814454349 0.25329894971099 0.31048511970743714 0.37964364988569116
0.2980359271989863 0.25532116890566725 0.31103521996263256 0.3769398610746402
0.30090228673736175 0.25719238217178525 0.31127908109948954 0.3732991531263857
0.3032939229959794 0.2588905323593483 0.3112241912441727 0.3688168683456808
0.30523147129302003 0.26039346440482924 0.3108847434490477 0.3636066561353933
0.3067460380316149 0.26167996383241254 0.31028174777653744 0.35779708686746137
0.3078784365500902 0.2627309516692072 0.30944293483032287 0.35152791953794144
0.3086782000911953 0.2635307847290778 0.30840245372677344 0.344946171497948
0.3092024198082181 0.26406859986756376 0.3072003768050301 0.33820213867332893
0.30951446057312304 0.2643396336232298 0.3058820319607538 0.3314455079864257
0.30968260879103493 0.2643464451448377 0.3044971908034153 0.3248216909255884
0.3097787043735567 0.2640999707254486 0.3030991463824273 0.3184684894254344
0.30987680363933495 0.26362034263714706 0.30174371760415647 0.31251318369471204
0.31005191159565293 0.26293741305038654 0.30048821840979173 0.3070701077559436
0.31037881143778046 0.2620909351761832 0.29939042821471645 0.3022387536675041
0.31093100700357335 0.2611303677544182 0.2985075961277937 0.2981024210470675
0.31177978130036194 0.26011428486706656 0.2978955053758172 0.2947274058225672
0.31299336211524825 0.25910938995126204 0.297607616641856 0.29216270210904294
0.3146361751623414 0.25818914998135906 0.2976943003285762 0.2904401744955561
0.3167681571611873 0.2574320822787261 0.2982021588287797 0.28957514529253886
0.3194440964646587 0.25691974157184333 0.29917343152216086 0.2895673326194709
0.3227129679087105 0.25673446815888934 0.30064546819510873 0.2904020705230649
0.32661723169063533 0.25695696884117863 0.3026502515821697 0.292051741295301
0.33119207321178873 0.25766381035404057 0.3052139472787299 0.2944773523165182
0.3364645715127096 0.2589249101060481 0.3083564596872376 0.29763019446652306
0.3424527974184819 0.26080111104779286 0.3120909759973423 0.3014535257491054
0.3491648577479073 0.26334192642624893 0.31642348626223965 0.3058842315808158
0.35659791765282467 0.26658353612039687 0.32135227596117344 0.31085442156854715
0.3647372479523508 0.2705471093452932 0.3268673973483284 0.3162929309951111
0.37355535680633734 0.2752375189596216 0.3329501365263079 0.3221267032156561
0.38301127393208995 0.2806425006736121 0.3395725035905933 0.3282820364379703
0.39305005972613694 0.2867322964421138 0.3466967823906001 0.33468568474344856
0.4036026103473093 0.2934598056136224 0.35427518352516785 0.34126580864746153
0.414585822689841 0.30076125042808893 0.3622496483584373 0.34795277503813904
0.42590317032046865 0.3085573447240216 0.3705518525377328 0.3546798100785569
0.43744572343650234 0.31675493680954836 0.3791034544091122 0.36138351175118183
0.4490936237344383 0.3252490800185975 0.3878166268380287 0.36800423131166216
0.4607180001589702 0.3339254682066474 0.39659490052460544 0.3744863351242211
0.47218328551769656 0.3426631590577962 0.4053343335026034 0.38077836025147543
0.48334986874950575 0.35133749628148264 0.4139250059090165 0.3868330787896038
0.49407699509741276 0.35982313322325676 0.42225282226367294 0.39260748723896544
0.5042258083015495 0.3679970556490027 0.43020158646511614 0.3980627380936142
0.5136624166608347 0.3757415008871283 0.4376552985771954 0.40316403119919303
0.5222608594744804 0.38294667433965895 0.4445006082855766 0.40788048213519
0.5299058525280228 0.3895131725889802 0.45062934855790976 0.4121849838082898
0.5364952009361629 0.39535403467673264 0.45594106527533534 0.4160540755259426
0.541941784230822 0.4003963591136219 0.4603454549178898 0.4194678310487602
0.5461750409904296 0.40458244306046676 0.46376462302694055 0.4224097735778585
0.5491419070015379 0.4078704209711489 0.466135081112399 0.4248668214933966
0.5508071900583588 0.4102344017303001 0.46740940864194364 0.42682926418781797
0.551153394000746 0.41166412479451064 0.4675575192307508 0.42829076287023854
0.5501800324246567 0.4121641758915894 0.4665674854358321 0.4292483671421432
0.5479024967944959 0.41175282035614635 0.46444589379564466 0.42970253485372667
0.5443505628853746 0.4104605262384438 0.46121772000082084 0.42965714060652005
0.5395666324669541 0.4083282591892314 0.4569257323642368 0.4291194575561878
0.5336038133129751 0.4054056363356764 0.4516294491379478 0.4281000980577464
0.5265239399400381 0.40174902676169577 0.44540369084816017 0.42661290120524714
0.5183956304398322 0.3974196819385263 0.4383367819725341 0.4246747593066752
0.5092924623340478 0.39248197096185844 0.4305284664296329 0.42230538049699756
0.49929133387560337 0.38700178344265523 0.4220876081569668 0.41952699057804443
0.4884710581936629 0.3810451482743865 0.41312975141009056 0.41636398322603513
0.47691121775827466 0.3746771002960721 0.4037746154267867 0.4128425333129016
0.4646912873737046 0.36796081017696397 0.3941435950741902 0.40899019263865166
0.45189001664095685 0.3609569767254334 0.3843573335081543 0.4048354903323079
0.4385850485917272 0.3537234662291065 0.3745334253220898 0.400407561143898
0.42485274064384737 0.3463151711558127 0.3647842998154971 0.39573582359775406
0.41076814741869355 0.33878405116190186 0.35521532454944404 0.39084972650161903
0.396405122170733 0.3311793132009365 0.34592315990762884 0.3857785768273377
0.38183649416242554 0.32354768468849976 0.33699438647632973 0.38055145493183795
0.3671342825901817 0.31593373401075636 0.32850441907941724 0.37519721508363396
0.3523699128095823 0.30838019581509757 0.32051671447047236 0.3697445610334232
0.33761440677085036 0.300928263982458 0.3130822740293988 0.36422217869993995
0.3229385259766534 0.2936178223401071 0.3062394382062096 0.35865890168791575
0.30841285127745094 0.28648759137048163 0.3000139656347679 0.35308388096174637
0.2941077889867278 0.2795751777533992 0.29441938645098925 0.3475267280409276
0.28009349691125185 0.2729170219487276 0.2894576160089294 0.3420176018130453
0.2664397269438521 0.26654824668215643 0.28511981154138427 0.33658721247749135
0.2532155830287095 0.26050241575642663 0.2813874500963081 0.3312667219863171
0.240489194876786 0.2548112178263542 0.27823360117320156 0.32608752815707476
0.22832730913507066 0.24950409353435749 0.27562436193353695 0.3210809287345989
0.21679480114426744 0.244607826712431 0.2735204168993588 0.31627767129730555
0.20595411223586427 0.24014612132776064 0.27187867809071553 0.3117074042222776
0.19586461989147835 0.2361391856689223 0.27065395613114723 0.30739805216638405
0.1865819510497265 0.23260334417084919 0.2698006086025055 0.30337514602608745
0.17815725229414536 0.2295506955086143 0.2692741095052843 0.2996611416200158
0.17063643436175108 0.22698883339132475 0.2690324836704811 0.29627476312618173
0.16405941205661745 0.22492064406405501 0.26903755283412734 0.2932304065655356
0.15845936386987314 0.22334419203553801 0.2692559460893225 0.29053763555074674
0.1538620380308672 0.22225270309352005 0.2696598365899565 0.28820079650849156
0.1502851330250213 0.22163465129218043 0.2702273784394198 0.28621877418116576
0.14773778057830877 0.22147395428936337 0.2709428321262584 0.28458490105264456
0.14622015760432322 0.22175027912874493 0.2717963828878593 0.2832870270725291
0.14572325063871436 0.22243945823266995 0.2727836730154282 0.2823077492709668
0.1462287919689578 0.22351401291875653 0.2739050852536973 0.281624795043355
0.1477093812304124 0.22494377911258498 0.2751648289505633 0.28121154836104545
0.15012879998549897 0.22669662706266436 0.27656989237962887 0.28103770506065945
0.15344252007983764 0.22873926377442985 0.27812893273975625 0.2810700416169489
0.15759839973714385 0.23103810361548247 0.27985117900273115 0.2812732811714984
0.16253755475409998 0.2335601891999287 0.2817454215970376 0.2816110406936945
0.16819538608364437 0.23627414137313152 0.2838191567823958 0.2820468435299964
0.17450273978608818 0.2391511140594451 0.28607794274028847 0.28254518177420923
0.18138717095012488 0.2421657270932726 0.2885250094801019 0.2830726124372261
0.1887742798413041 0.2452969481194244 0.29116114654885655 0.2835988699956201
0.19658908626593316 0.24852889340033035 0.2939848723959777 0.2840979754052276
0.20475740693883204 0.2518515170552592 0.2969928684166166 0.284549318126151
0.21320720047581315 0.25526115899130436 0.3001806405914067 0.28493868337390615
0.22186984543812338 0.25876092363231984 0.3035433536527379 0.2852591921341008
0.23068131856815435 0.26236086452670804 0.30707676811697704 0.2855121170552089
0.23958324290184796 0.2660779539881447 0.3107782004020295 0.28570753386087683
0.24852377875023224 0.2699358220244963 0.31464742139194324 0.2858647661175979
0.2574583345347081 0.2739642548356334 0.31868740966910136 0.2860125817158228
0.26635007905612207 0.2781984499813897 0.3229048822934201 0.2861891027976296
0.2751702418839651 0.2826780327881242 0.3273105381725825 0.28644139741241614
0.2838981940631221 0.2874458465119462 0.3319189660829381 0.2868247309686331
0.2925213071302421 0.29254653702880734 0.3367481902939555 0.2874014683547821
0.30103459437519764 0.29802496117721977 0.34181885028951764 0.2882396329203379
0.3094401442312177 0.3039244561146948 0.3471530358564435 0.28941114556846204
0.31774636148303204 0.31028501490915467 0.3527728233211459 0.29098978503623235
0.32596703750329564 0.31714142078103563 0.3586985814540137 0.29304892790134923
0.3341202758323427 0.32452139861283635 0.3649471351097268 0.2956591427759743
0.3422273039899363 0.3324438471916006 0.3715298897798387 0.2988857263806847
0.3503112063529019 0.34091721876814945 0.37845102988930596 0.3027862787095521
0.3583956161684121 0.34993811352876847 0.38570590714993624 0.3074084194787102
0.3665034072289858 0.35949015513442556 0.3932797321988627 0.31278774794009356
0.3746554273448456 0.36954320930702916 0.4011466730541713 0.31894614269396926
0.3828693164396616 0.3800530003486176 0.4092694479170771 0.32589048743300686
0.3911584517812412 0.39096117041868406 0.41759947817867477 0.33361189300669786
0.3995310614371597 0.4021958134801153 0.4260776410922642 0.34208546651566996
0.4079895443984235 0.4136725003499029 0.43463563165454083 0.35127065528952683
0.4165300318158713 0.4252957937375325 0.443197911215664 0.36111216871726115
0.4251422183244418 0.436961233178914 0.45168418777277103 0.371541455251017
0.4338094853971162 0.4485577501843764 0.4600123414383755 0.382478686798425
0.4425093300327703 0.45997045463154224 0.4681016798670616 0.39383517942759366
0.45121410187872096 0.47108371541925576 0.4758763840567858 0.40551615899930255
0.4598920402610439 0.48178444262109293 0.48326898635824894 0.4174237640142454
0.46850858980873666 0.4919654657283851 0.49022371095384204 0.4294601664049337
0.4770279598098998 0.501528893809867 0.4966995034482023 0.4415306847467714
0.48541487866102895 0.5103893391056332 0.5026725811412895 0.45354676367239777
0.4936364814151182 0.5184768860532133 0.5081383492342957 0.46542869813107
0.5016642562437761 0.5257396930940652 0.5131125504237788 0.4771079912536351
0.5094759653988532 0.5321461246485293 0.5176315454048782 0.48852924942891607
0.5170574487897543 0.5376863249476476 0.5217516586313922 0.49965153702232745
0.5244042143311056 0.5423731633261898 0.5255475657663982 0.5104491350584605
0.5315227193999378 0.546242501298718 0.5291097447493848 0.520911672119862
0.5384312525455827 0.549352754333701 0.5325410591765838 0.5310436206033414
0.5451603342810244 0.5517837447353425 0.5359525884317284 0.5408631762482748
0.5517525703638975 0.5536348654791695 0.5394588613360312 0.550400562496555
0.5582619101903503 0.5550225973374301 0.5431726866803339 0.559695822862475
0.5647522862381148 0.5560774424046152 0.5471998027071405 0.5687961833375295
0.5712956371001988 0.5569403555729123 0.5516335865739695 0.5777530823627316
0.5779693454985952 0.5577587711598984 0.556550072616513 0.586618977691659
0.5848531525061418 0.5586823344688301 0.5620035239211113 0.5954440473458142
0.5920256386328261 0.5598584574258153 0.5680227849867009 0.6042729057971687
0.5995603899627391 0.5614278235662202 0.5746086144280154 0.6131414565984377
0.6075219916558968 0.5635199705926845 0.5817321567299758 0.6220739991084653
0.6159620104114895 0.5662490785963336 0.5893346626397742 0.6310806999680635
0.6249151406169924 0.5697100889200554 0.5973285111002065 0.6401555298269337
0.6343956947840484 0.5739752726208479 0.605599524403739 0.6492747527519338
0.6443946166802911 0.5790913585895233 0.6140105055667616 0.6583960399892983
0.6548771848344103 0.5850773196045375 0.6224058660790635 0.6674582615234996
0.6657815547420626 0.591922899908375 0.6306171564902494 0.6763819883990659
0.6770182604862821 0.5995879502935599 0.6384692648958978 0.6850707163197902
0.688470761409895 0.6080026162300661 0.6457870120569454 0.6934127969733526
0.6999970781835104 0.6170684014342056 0.6524018488491511 0.7012840383417087
0.7114325167586367 0.626660103817071 0.6581583535098672 0.7085509096099615
0.7225934302940544 0.636628593513184 0.6629202334141371 0.7150742610259176
0.7332819204790338 0.6468043744607195 0.666575558664483 0.7207134452168128
0.7432913331961974 0.6570018427923813 0.6690409915078425 0.7253307052138599
0.7524123616496821 0.6670241283008851 0.6702648245361776 0.728795677030135
0.7604395353010261 0.6766683807950288 0.6702286990814815 0.7309898423421205
0.7671778473180091 0.685731342633222 0.6689479399046118 0.7318107607922095
0.7724492584618293 0.6940150334187113 0.6664705095589685 0.7311759125891352
0.7760988125995392 0.7013323638934947 0.6628746519150742 0.7290259910347996
0.7780001088887971 0.7075124943157064 0.6582653556100503 0.7253275015224222
0.7780598980082886 0.7124057585046093 0.6527698213437328 0.7200745481154417
0.7762216037582469 0.715887988294977 0.6465321592547673 0.7132897201945115
0.7724676154094137 0.7178640938874163 0.6397075720841491 0.7050240285176042
0.7668202482081438 0.7182707825773298 0.6324562953221818 0.695355880604586
0.7593413268373522 0.717078330249237 0.624937566778644 0.6843891275304996
0.7501304064433523 0.7142913551804799 0.6173038856234854 0.6722502556950171
0.7393217049715743 0.7099485802683342 0.6096957963079105 0.6590848356000782
0.7270798759536509 0.7041216058952942 0.6022373979297438 0.6450533729182601
0.7135947997253828 0.696912749501273 0.5950327370562855 0.6303267332692877
0.6990756108999858 0.6884520380001488 0.588163194531969 0.6150813296696303
0.6837442088845511 0.6788934642696238 0.5816859272061885 0.5994942696420654
0.6678285150644716 0.6684106382830854 0.5756333765134911 0.583738657122861
0.6515557444461242 0.6571919767093525 0.5700138098184282 0.5679792328446909
0.6351459512083146 0.6454355820762135 0.5648128193694137 0.5523685166376973
0.6188060876064705 0.6333439643375196 0.5599956690541741 0.537043587412732
0.602724785433586 0.621118754636345 0.5555103518446748 0.5221236031950585
0.5870680306829471 0.6089555541141783 0.551291201277539 0.5077081264519447
0.5719758574404336 0.5970390507156175 0.5472628884946844 0.4938762812143597
0.557560138815782 0.585538524948288 0.5433446318540176 0.4806867302264979
0.5439035034070167 0.5746038521886739 0.5394544482280171 0.4681784245188989
0.5310593577888655 0.5643620948698532 0.535513282990874 0.4563720460933194
0.5190529510134005 0.5549147630033213 0.5314488684362015 0.4452720381994535
0.5078833779767317 0.5463358060099536 0.5271991770604636 0.4348690979585064
0.4975263862110072 0.5386703826315514 0.5227153559472337 0.4251429934187257
0.48793782623784876 0.531934438538576 0.517964050637402 0.4160655616754232
0.47905756964190827 0.5261151029148187 0.512929050701533 0.4076037462295331
0.47081371161906027 0.5211718956514743 0.5076122141423087 0.3997225397282551
0.46312687563589505 0.5170387158609675 0.5020336531819445 0.39238771177732656
0.45591444635465583 0.5136265604986793 0.49623118936570104 0.3855682195653887
0.44909457217941035 0.5108268994947897 0.4902591106393717 0.3792382203766801
0.44258979948525023 0.5085156117418074 0.48418628648686685 0.3733786283925565
0.43633022546932704 0.5065573655637499 0.47809371864319333 0.36797818219280537
0.43025608419805467 0.5048103090600532 0.4720716235972526 0.3630340128229969
0.4243197093975741 0.5031309211660682 0.46621615834516444 0.3585517240733923
0.4184868464778807 0.5013788645330647 0.46062591198866626 0.3545450157696525
0.4127373139383554 0.49942167735903886 0.4553982922602855 0.351034896671119
0.4070650395726474 0.49713914377639457 0.45062593755018404 0.348048545517582
0.40147751886417027 0.49442719164711246 0.44639328140117474 0.34561788662928555
0.3959947609470986 0.49120118254781464 0.4427733878940553 0.34377795027871094
0.3906478010419062 0.48739848084188947 0.43982516331437255 0.34256508809729436
0.3854768671390222 0.4829802161272094 0.4375910326892391 0.3420151105584665
0.38052929291666027 0.47793218476097393 0.43609515014485023 0.3421614077730022
0.3758572686831979 0.47226487007661627 0.4353421906493331 0.3430331072526505
0.37151551798202387 0.46601259563616104 0.4353167487242853 0.34465331381530045
0.36755898001788945 0.4592318596700614 0.4359833482553096 0.34703746828537224
0.364040568032077 0.451998930076431 0.4372870476093363 0.3501918538769956
0.3610090620412767 0.4444068064872978 0.43915460667670714 0.3541122727837264
0.3585071818817007 0.43656167773082205 0.44149616774382566 0.3587829109884089
0.35656987417600167 0.42857901862889436 0.44420739052706487 0.36417540686264654
0.35522283550742784 0.4205794789487079 0.4471719732381353 0.3702481386974999
0.35448128445643595 0.41268471934426054 0.450264485935404 0.3769457475832234
0.35434898776007806 0.4050133445248738 0.45335343918958 0.38419891448432514
0.35481754099630997 0.39767707325664825 0.45630450969521613 0.3919244131918375
0.35586590191814504 0.39077726900299764 0.45898384431558836 0.40002546320658494
0.3574601746403274 0.38440193511381254 0.461261364652921 0.40839240760247214
0.35955364482900176 0.37862325567894833 0.463013995228794 0.41690373967584154
0.362087069153235 0.37349573871658986 0.46412873957701706 0.42542749799156926
0.3649892256513717 0.36905499348649196 0.46450553004735623 0.43382304180979886
0.36817773438347545 0.365317149520327 0.46405977915543206 0.4419432076484352
0.37156015883016547 0.3622789024135046 0.4627245633216405 0.4496368330912708
0.3750353971139946 0.35991815130313076 0.4604523743515908 0.45675161644951656
0.37849536762737906 0.3581951758335109 0.45721638057201985 0.4631372614427494
0.38182698571229967 0.35705428663832645 0.4530111486271331 0.4686488359064317
0.3849144166735878 0.35642587309806156 0.4478527888803827 0.47315025410132056
0.38764157603610633 0.3562287653325981 0.4417785022454577 0.4765177750502585
0.38989483138408826 0.3563728238826883 0.4348455239001802 0.47864339599849065
0.3915658425043686 0.35676167002792003 0.4271294792341911 0.47943801197298364
0.3925544593175724 0.35729547181515803 0.4187221887795978 0.47883421061518827
0.392771581799955 0.35787370522298595 0.4097289807686481 0.47678857670491387
0.392141874367649 0.3583978160486145 0.40026559118111465 0.4732833933387293
0.39060622047747984 0.3587737156742469 0.390454750434378 0.468327646323627
0.38812380267997715 0.35891405248337704 0.3804225719982264 0.46195726423324524
0.38467369982102084 0.35874021003044915 0.3702948700685602 0.45423455751655095
0.3802559068049237 0.35818399284252916 0.3601935401001257 0.44524685442210615
0.37489170301884406 0.3571889707165289 0.35023313684733737 0.4351043673975129
0.36862332232066436 0.35571146237649437 0.3405177792899324 0.42393735898664936
0.36151290902493777 0.3537211492103841 0.33113850047374777 0.41189270901327923
0.3536407787587987 0.3512013193763924 0.32217114327108926 0.3991300130797842
0.3451030382661419 0.3481487517328357 0.31367488107656366 0.3858173644588574
0.3360086519278903 0.34457325769083075 0.30569141649438275 0.37212698601876476
0.32647607267837986 0.3404969071080424 0.29824488234764707 0.3582308850518913
0.31662957907472494 0.3359529716289062 0.29134243919747155 0.34429670141613283
0.30659547682305477 0.330984625324616 0.284975533417804 0.3304839083965794
0.2964983308853981 0.32564344798447575 0.27912175114415555 0.31694050677801816
0.28645739277593807 0.3199877808441125 0.27374717744243643 0.3038003268449633
0.2765833768332436 0.31408098778621896 0.2688091480364594 0.2911810218100155
0.2669757197849508 0.3079896769932502 0.2642592639139905 0.2791828011971413
0.2577204310399642 0.3017819385462473 0.26004652790063626 0.2678879158277851
0.2488886085690397 0.2955256524334771 0.25612045739095346 0.25736086919719825
0.24053565903702406 0.2892869187566103 0.2524340291216424 0.24764929507837868
0.23270122329637166 0.2831286575296957 0.2489463201378772 0.23878540992020078
0.22540977174467688 0.27710941933157157 0.2456247236249848 0.23078792257729586
0.21867180056714278 0.27128244023332176 0.24244663845551556 0.22366426440695172
0.21248553143814347 0.2656949649980661 0.23940055627370516 0.21741299074349732
0.20683899536699202 0.26038785175673407 0.2364864986085068 0.21202620078703704
0.2017123670910419 0.25539545952353404 0.23371578758171124 0.20749182719205744
0.19708041027203319 0.25074580746118996 0.23111016582533137 0.2037956588704212
0.19291489573521386 0.2464609822730938 0.2287003127268795 0.20092298008577292
0.18918686459737732 0.24255775810477842 0.22652383355482586 0.19885973478595714
0.18586862440778737 0.23904838255028635 0.22462282391433155 0.19759315593364649
0.18293538806666731 0.23594147346176544 0.2230411330203617 0.19711183371432076
0.18036649072970642 0.23324296489752888 0.22182146434137548 0.1974052320867588
0.1781461474589292 0.2309570372700955 0.22100246043494046 0.19846269824723115
0.1762637423268509 0.22908696698526212 0.22061591977932096 0.20027204224860606
0.17471366640081082 0.2276358348219962 0.22068428699434037 0.20281779239131612
0.17349474609474982 0.22660703999355145 0.22121854433150628 0.2060792544298138
0.1726093236083466 0.22600457801091678 0.22221661238341664 0.21002851776496537
0.1720620667281018 0.22583305465141698 0.2236623426677744 0.21462855866020855
0.17185859563656175 0.2260974247985055 0.22552515544613394 0.21983158862731464
0.17200401940625762 0.22680246274947616 0.2277603444421455 0.2255777854793952
0.17250147471087274 0.227951988731339 0.23031003777009101 0.2317945256648432
0.173350754417202 0.2295478936937283 0.23310477314740205 0.23839621039583125
0.17454710480214744 0.2315890198372289 0.2360656170412911 0.24528474623685248
0.17608025800143703 0.23406996674505512 0.23910673329761808 0.25235070505701274
0.17793375185909552 0.23697990153454507 0.24213828824081726 0.25947515066626664
0.18008457354387306 0.24030145547832105 0.2450695670723204 0.2665320822702231
0.1825031470203444 0.24400978868840156 0.24781217106787656 0.2733914102965178
0.18515366850171577 0.24807189864718848 0.250283166577346 0.27992235021631334
0.18799477902992312 0.2524462378669386 0.2524080647299654 0.2859970964615373
0.19098054983544652 0.25708269133358913 0.2541235242236522 0.2914946227653837
0.1940617444767417 0.26192294648502784 0.25537968749421935 0.2963044480723657
0.19718731215272808 0.2669012683492204 0.2561420815654058 0.3003302088609538
0.20030605910108656 0.27194567133038394 0.25639303750814146 0.3034928890112616
0.20336843962298087 0.27697945825031356 0.25613260522407766 0.3057335764018992
0.20632840492946203 0.28192307786999704 0.25537896185989656 0.3070156399238109
0.2091452465711894 0.28669623536660793 0.25416833140282125 0.30732624986490403
0.21178537156976066 0.29122017706885944 0.2525544490238706 0.3066771967049958
0.2142239484067779 0.2954200618581633 0.25060761595851055 0.3051049962138237
0.21644636665842315 0.29922732743361097 0.24841339890809427 0.30267030035198567
0.2184494582217096 0.30258196021732836 0.24607103218670223 0.29945666200213783
0.22024243470646904 0.3054345828417642 0.24369158147750047 0.2955687254756221
0.2218475035983776 0.30774828243471575 0.24139592566575402 0.29112993291809874
0.2233001351352119 0.30950011559427604 0.23931260849222905 0.2862798485091167
0.2246489623280173 0.31068224114897136 0.23757560550134138 0.28117120753410635
0.22595530797247684 0.3113026485537355 0.23632204472479532 0.2759667962948947
0.22729234451639566 0.31138546707883197 0.2356899124660084 0.2708362621313688
0.22874390486867185 0.31097085784624945 0.23581576905169643 0.26595294161014776
0.23040297416377384 0.31011450639582033 0.23683249397908618 0.2614907804944402
0.23236990358539644 0.308886747105267 0.2388670758477353 0.2576214028662201
0.23475039703145226 0.3073713619020118 0.2420384600146369 0.2545113701575955
0.23765332911797182 0.30566410393398774 0.24645546610427468 0.25231965518681604
0.2411884582891563 0.3038710020406189 0.25221478827553806 0.25119534270709304
0.24546410126092916 0.3021065039838138 0.25939909332623245 0.25127555730541584
0.250584834474298 0.30049151561203774 0.2680752350486267 0.252683612248428
0.2566492846663988 0.29915138971291244 0.27829260740814693 0.25552736922943986
0.26374806428636804 0.2982139126351349 0.2900816637105484 0.2598977987513603
0.27196189870483684 0.2978073292795245 0.3034526335031981 0.2658677336064391
0.2813599815897251 0.29805843828074924 0.31839447302824675 0.27349081285920673
0.2919985831896961 0.29909077967841524 0.3348740880796579 0.28280062000435574
0.3039199244040082 0.3010229276928545 0.3528358695672007 0.2938100255674707
0.31715131825766446 0.3039668919792818 0.3722015814303382 0.3065107503534707
0.3317045705104881 0.30802662253818464 0.39287063730191685 0.32087316991894377
0.34757562323512886 0.3132966068923765 0.41472079613306634 0.3368463829037756
0.3647444197269661 0.31986054373225004 0.4376092976589765 0.3543585650801986
0.38317496624025493 0.3277900754184311 0.4613744461332433 0.373317627105081
0.4028155656997145 0.33714356281583174 0.4858376354766755 0.3936121870253386
0.4235992003862476 0.3479648900308674 0.5108057914620795 0.4151128589090566
0.4454440440993723 0.3602822936226445 0.5360741876773849 0.43767384714965174
0.4682540887725923 0.3741072203886507 0.5614295729335095 0.4611348228410553
0.49191987521250924 0.3894332292454253 0.5866535298764723 0.48532304514254876
0.5163193218305618 0.40623496513721025 0.6115259692981299 0.5100556778343852
0.5413186483387017 0.4244672452016284 0.6358286534704578 0.535142240414087
0.566773392987109 0.4440643083538521 0.6593486360437597 0.5603871251256556
0.5925295218821193 0.46493928773876714 0.6818815066266877 0.5855921071125882
0.6184246273578299 0.4869839699515308 0.7032343356343065 0.6105587750559273
0.6442892096638166 0.510068904569268 0.7232282293301895 0.635090814502226
0.6699480329567652 0.5340439217462236 0.7417004255731483 0.6589960855433055
0.6952215434516437 0.5587391042295227 0.7585058863800074 0.6820884501369022
0.7199273353195644 0.5839662435028293 0.7735183722692521 0.7041893213382531
0.7438816491400883 0.6095207887502285 0.7866310132878696 0.7251289258960444
0.7669008888440818 0.6351842733453498 0.797756420255219 0.7447472916421228
0.7888031462488068 0.6607271784086847 0.8068264046922617 0.7628949903026596
0.8094097272755295 0.6859121686902077 0.8137913949831619 0.7794336831752706
0.8285466801922 0.7104976147379983 0.8186196478354549 0.7942365300491151
0.8460463328750472 0.7342412989637276 0.8212963570031552 0.8071885295315628
0.8617488520571185 0.7569041934021443 0.8218227552206083 0.818186860689553
0.8755038416672468 0.7782541947142804 0.8202152908908703 0.8271412911893349
0.8871719985675951 0.7980697076345614 0.816504939596617 0.8339747060301236
0.8966268414037124 0.8161429811745724 0.8107366839454367 0.8386237941736219
0.9037565213891765 0.832283121275123 0.8029691661067659 0.8410399090515672
0.9084657126315848 0.8463187273876922 0.7932744883808586 0.8411900947068456
0.9106775645743069 0.8581001263216868 0.7817381109879138 0.839058244123869
0.9103356813099738 0.8675012020195004 0.7684587754334566 0.8346463322183719
0.9074060734056684 0.8744208421436037 0.7535483682449569 0.8279756450478476
0.9018790092832082 0.8787840392074925 0.7371316348503707 0.8190879109275089
0.8937706770931674 0.8805426937430444 0.7193456573532017 0.8080462297765295
0.8831245563351424 0.8796761687179655 0.700339022597832 0.7949356951549847
0.8700123928845236 0.8761916380279832 0.6802706270867566 0.7798636094714241
0.8545346728256806 0.8701242582281778 0.6593080912316336 0.7629592065093183
0.8368205002166422 0.8615371734130245 0.6376257848450392 0.7443728159043003
0.8170268016023761 0.8505213406554064 0.6154024962079476 0.7242744301496208
0.7953368050391978 0.8371951404551815 0.5928188059524917 0.7028516643636975
0.7719577722318471 0.8217037161569087 0.5700542520483302 0.6803071304263867
0.7471179972220491 0.8042179710423164 0.547284391427972 0.6568552781088028
0.7210631216341498 0.7849331441023966 0.5246778758167914 0.6327187845036907
0.6940518523336368 0.7640668869662673 0.5023936633555665 0.6081245976647662
0.6663512000688916 0.7418567758601866 0.4805784834803423 0.5832997594921994
0.6382313850549494 0.718557213586175 0.45936466075351556 0.5584671455963596
0.6099605757240186 0.6944357061984127 0.43886838497617436 0.5338412656369795
0.581799638740884 0.6697685353258436 0.4191884914593251 0.5096242664328818
0.5539970811897316 0.6448358872873111 0.4004057886026244 0.4860022723487661
0.5267843595340082 0.6199165411904708 0.38258294189154435 0.4631421838180168
0.5003717150738002 0.5952822568602772 0.36576489604647433 0.441189036346009
0.47494467323773526 0.5711920365898863 0.349979792164588 0.4202640001185396
0.4506613156196779 0.5478864596041589 0.3352403158409106 0.4004630756597326
0.4276504009628052 0.5255823026233867 0.32154539661969245 0.381856515090971
0.40601037621120817 0.5044676626118343 0.3088821694492225 0.3644889726240219
0.3858092832200754 0.48469778813252573 0.2972281053495486 0.34838036305560804
0.36708553256645277 0.46639180401166846 0.2865532210273779 0.3335273841518778
0.34984948476430944 0.4496304813679962 0.2768222850071599 0.3199056386921034
0.3340857524127915 0.43445516332890055 0.26799694992397277 0.3074722751782554
0.31975611541990373 0.42086790835391985 0.26003775557550907 0.29616905322844433
0.30680292610671567 0.408832860827914 0.2529059636052622 0.2859257306925674
0.29515287199973533 0.398278805480475 0.24656520067763565 0.2766636646100928
0.28472096138514014 0.3891028112425523 0.24098290117825108 0.2682995171453456
0.27541459981219996 0.381174824181661 0.23613155151075363 0.2607489602824237
0.2671376339759123 0.374343030617354 0.2319897449776278 0.2539302788759864
0.2597942518137241 0.3684397823591021 0.22854305846758105 0.24776778003019878
0.2532926430665789 0.36328785757011983 0.2257847596577849 0.24219492700243764
0.24754834172022 0.3587068237081921 0.2237163466228274 0.2371571271228779
0.2424871893724438 0.35451927329558147 0.2223479115651618 0.23261411479938945
0.23804787544201178 0.3505567182142183 0.22169830821392555 0.22854188180801552
0.23418402517010908 0.3466649524852569 0.2217950899688979 0.22493411714460787
0.23086581872153975 0.34270872523618257 0.2226741749570619 0.2218031273115961
0.22808113382456643 0.33857560256796687 0.22437918668793969 0.2191802148545865
0.2258362100979971 0.33417893687271705 0.22696041663081695 0.21711549834107713
0.22415583567584793 0.3294599023342472 0.2304733591283796 0.2156771611674539
0.2230830564932382 0.32438859351189153 0.23497678043308343 0.2149501202346925
0.22267840650906945 0.3189642179937723 0.24053030249988244 0.21503410950371216
0.22301865433564078 0.31321444247318975 0.24719150798492562 0.21604117871282225
0.22419505950633756 0.3071939731520753 0.25501260446219415 0.21809261511646202
0.22631113126296865 0.30098246561071296 0.2640367212914778 0.2213153068845887
0.22947988551521875 0.29468186632027166 0.27429394941044993 0.2258375814459972
0.23382060252118103 0.28841328850863535 0.28579726975382774 0.2317845708656954
0.2394550995172893 0.2823135203072453 0.2985385470217041 0.23927317915274732
0.24650354919780618 0.27653125455878985 0.3124847891900182 0.2484067525089024
0.2550798963039797 0.2712231191111913 0.3275748868535501 0.2592695817101043
0.2652869497888057 0.2665495756537456 0.34371704813948833 0.2719213943098062
0.27721125571609373 0.26267074581421684 0.36078713320201367 0.2863920209895521
0.29091788442757294 0.25974221667446873 0.3786280667834736 0.3026764427050519
0.30644529243135793 0.25791087498426074 0.3970504685725017 0.32073044074209484
0.3238004426113551 0.2573108205401129 0.4158345906698155 0.3404670779932378
0.3429543834075492 0.2580594142666122 0.4347335918838709 0.3617542346428041
0.36383849643659877 0.2602535247610566 0.45347811310051134 0.38441340353907133
0.38634162084792434 0.2639660472303158 0.4717820504548653 0.4082199191532378
0.4103082503234601 0.26924277929189716 0.48934935763895965 0.43290474941104484
0.4355379744864792 0.27609974725404285 0.5058816495784815 0.4581579230689002
0.4617863008125912 0.2845210824290247 0.5210863307902928 0.48363359891931407
0.48876694696075873 0.29445754812342567 0.5346849362965934 0.5089567100830471
0.5161556385698091 0.3058258128745834 0.5464213535058634 0.5337310408450319
0.5435953864929505 0.31850855342840884 0.5560695914454046 0.5575485192787547
0.570703153219741 0.3323554516311234 0.563440779487861 0.579999440837763
0.5970777542780084 0.34718512322749384 0.5683891104363544 0.6006832806023071
0.6223087802825726 0.36278798455040107 0.570816490595439 0.61921970892168
0.6459862724808969 0.37893002685651955 0.5706757193605753 0.6352593999866826
0.667710842295153 0.3953574296790329 0.5679720892428555 0.6484942175718555
0.6871038960957279 0.4118019064014191 0.5627633699346624 0.6586663777574587
0.703817612164167 0.4279866397931539 0.555158212625738 0.6655762245181079
0.7175443185658643 0.4436326348889142 0.5453130789961168 0.6690883089752757
0.7280249385783678 0.4584652934550354 0.533427859222211 0.6691355339665399
0.7350562035982784 0.47222100003259077 0.5197403916592326 0.6657212084710346
0.7384963803790422 0.484653505245152 0.5045201311874339 0.658918946672861
0.7382693175610657 0.49553989810383076 0.4880612321164688 0.6488704389258623
0.7343666826575993 0.5046859751188265 0.47067531469815144 0.6357812113968945
0.7268483314558368 0.5119308391447154 0.45268417244823833 0.6199145727635954
0.7158408234932859 0.5171505934629946 0.4344126523714785 0.6015840156695851
0.7015341662273321 0.5202610345939246 0.41618190442644254 0.5811443942068206
0.6841769333487684 0.5212192883848928 0.3983031534151708 0.5589822340973667
0.6640699564798936 0.5200243755811472 0.3810720995972789 0.535505548294774
0.641558831957286 0.5167167329484161 0.36476400749560006 0.5111335274892912
0.6170255139886144 0.511376751923595 0.3496294992060917 0.48628645376447993
0.5908792814689903 0.5041224269362036 0.33589103224046163 0.46137614878592875
0.563547368249235 0.49510622867432413 0.3237400150278951 0.4367972186606693
0.5354655365574502 0.48451133292031 0.31333449731942903 0.4129192998728984
0.5070688521705902 0.47254734298348533 0.30479736850413275 0.39008044869644193
0.4787828899598039 0.4594456435895516 0.2982150038262441 0.3685817544509535
0.4510155621272311 0.445454517222179 0.2936363152147843 0.34868319887281196
0.4241497215520371 0.43083414162589617 0.2910721875038336 0.33060073312293703
0.3985366519105408 0.4158515710366265 0.29049530909862253 0.31450450317803375
0.37449051718277054 0.40077578543946135 0.29184043501790374 0.3005181252224713
0.35228380799207726 0.38587287353271227 0.295005145936228 0.28871889580454524
0.33214379262271404 0.3714013977855169 0.2998511857469328 0.2791388165182888
0.31424995758521157 0.35760797549142204 0.30620646915717065 0.2717663184130054
0.2987324066423974 0.3447230992153762 0.31386784760954545 0.2665485849789801
0.2856711779908907 0.3329572142907592 0.32260470516097955 0.2633943915565228
0.2750964359130012 0.32249707038424924 0.3321634258269133 0.26217740016826113
0.26698949425698865 0.3135023684662873 0.34227273160233374 0.2627398688338722
0.2612846327837304 0.3061027331769615 0.35264983843537867 0.2648967503982968
0.25787167176229153 0.3003950524781212 0.3630073194802909 0.26844016532967735
0.2565992732414951 0.2964412401537428 0.37306050544833147 0.2731442341334041
0.25727893741592023 0.2942664903811221 0.38253519573984995 0.27877024723507987
0.25968965808285643 0.2938581052855332 0.3911754062819356 0.28507213368415973
0.26358319153705706 0.2951649841206562 0.3987508452600082 0.2918021661148485
0.26868987820665663 0.2980978646320366 0.4050637900917074 0.2987168102798311
0.2747249364237851 0.3025304017143052 0.40995504078635336 0.3055825960792623
0.2813951241482332 0.30830115459034063 0.41330864759122116 0.31218185674051463
0.28840563901103766 0.3152165309621522 0.4150551543021177 0.31831815721610857
0.2954671019501113 0.3230547051692798 0.4151731609577588 0.3238212153334517
0.3023024474559319 0.33157048837536524 0.413689087487221 0.32855111262507813
0.3086535265434687 0.34050108398943957 0.410675108600043 0.33240159818003495
0.31428721932004844 0.3495726134103192 0.406245324219877 0.3353023093660476
0.31900085429759906 0.35850724880760876 0.4005503229585842 0.3372197678130383
0.32262674264284863 0.3670307444186447 0.3937703823357088 0.33815705637226784
0.32503565783904415 0.3748801192464085 0.38610762289598444 0.33815214049980724
0.3261391243610397 0.381811215413043 0.37777748912707715 0.3372748623226712
0.32589042169258725 0.3876058406233501 0.3689999643935673 0.33562270347202106
0.32428426029175483 0.39207820236973845 0.3599909377157422 0.3333154791326514
0.3213551412250075 0.39508035687431714 0.350954126493624 0.3304891861046223
0.3171744679575742 0.39650642743810277 0.3420739222259614 0.327289277714308
0.3118465337840125 0.3962953938189019 0.33350946848187063 0.32386367446054
0.30550355820232344 0.3944323143258857 0.32539020578718153 0.32035583853258465
0.29829998704470684 0.39094791232585424 0.3178130316807064 0.3168982410871432
0.29040630175335924 0.3859165348220962 0.3108411316544729 0.31360653295455565
0.2820026009093163 0.37945256817732664 0.30450444396735127 0.31057469307364566
0.2732722209081044 0.37170547018313727 0.2988016342197767 0.3078713764755115
0.2643956523683887 0.3628536439396597 0.29370337936431484 0.30553761818895425
0.2555449852222436 0.3530974332814685 0.2891566998804577 0.30358597504396734
0.24687908009186868 0.34265155842275963 0.2850900363793571 0.30200110862881535
0.23853961886475086 0.3317373317644238 0.28141874479748574 0.30074173452149794
0.23064813625295133 0.3205749962537388 0.2780506830324588 0.2997437902289031
0.22330407982187145 0.309376512409979 0.2748915804081972 0.2989246115056858
0.21658389187173074 0.298339086449567 0.271849917483222 0.2981878576817469
0.21054105590065555 0.2876396832998443 0.26884109411055546 0.29742889415032586
0.20520700608045223 0.27743070803803066 0.26579072419780597 0.2965403259728481
0.20059276261346326 0.26783697145241864 0.26263696170777273 0.29541738111371124
0.19669113071619843 0.2589539843825917 0.259331829368329 0.29396286433674945
0.19347928723055813 0.25084755569162936 0.25584158483418395 0.29209144129116116
0.19092157663441744 0.24355460433563153 0.25214621470919985 0.28973306376857044
0.18897234687197567 0.2370850406679413 0.24823819174041128 0.2868354077015822
0.18757867361733782 0.23142452872576705 0.24412066246164305 0.2833652608615548
0.18668284742092534 0.22653791174320206 0.23980525050803722 0.27930886287582873
0.18622452936333758 0.22237306844288168 0.2353096647494505 0.2746712617471136
0.18614251483531097 0.21886496766861369 0.23065529232438797 0.26947480461206424
0.18637607933581934 0.21593970254872985 0.22586493648338782 0.26375692285719515
0.18686591236117348 0.21351831069484928 0.22096083040671174 0.2575674007071509
0.18755467350756128 0.21152022135292864 0.21596302377712526 0.25096533088494244
0.18838722725270174 0.20986621090646462 0.21088820192619617 0.24401596090939573
0.18931062849388555 0.20848079146801116 0.20574896076785465 0.23678762010169652
0.1902739393610674 0.2072940003232217 0.20055352707353463 0.2293488924083859
0.19122795922975266 0.20624259783487542 0.19530588499494023 0.22176616641838423
0.19212494487836182 0.2052707156760091 0.19000624753626666 0.2141016546227077
0.1929183874344466 0.20433002417045482 0.1846517966727528 0.20641193238087147
0.1935628984917322 0.20337950601870664 0.17923760810372766 0.1987470064585233
0.1940142410675736 0.20238493345959224 0.17375767573038808 0.1911498862718834
0.19422952343550354 0.20131814734937306 0.1682059559120818 0.18365660044077584
0.194167556727339 0.20015623072707567 0.1625773611127602 0.17629657853665626
0.1937893617582959 0.1988806576506603 0.15686864527131755 0.16909330386705837
0.1930587977070747 0.19747648221415112 0.15107913767179157 0.16206513784729684
0.19194327568007394 0.19593161459968983 0.14521129692195284 0.1552262193593411
0.1904145140796979 0.19423621263911267 0.13927107075383582 0.1485873522959809
0.1884492900591897 0.19238220030662764 0.1332680598934439 0.14215680963044391
0.18603014191200357 0.19036291015179974 0.12721549466426785 0.13594100099635287
0.18314598056257775 0.18817283580489438 0.12113004103558452 0.12994497101363595
0.1797925738366246 0.1858074737820791 0.11503145850023828 0.1241727156636011
0.17597287428851077 0.18326323087545257 0.10894213566449122 0.11862732235343754
0.17169716946005242 0.18053737402562953 0.10288653108313191 0.11331095470682771
0.16698304200440187 0.1776280030251652 0.09689054707091664 0.10822471475454268
0.16185513567691237 0.17453403176916574 0.09098086336662041 0.1033684226618647
0.1563447314090034 0.17125517004970628 0.08518425597660952 0.09874035738398228
0.15048914526397084 0.167791904107333 0.07952692456486106 0.09433700097913464
0.1443309668211113 0.1641454794601611 0.0740338495806486 0.09015282528147424
0.13791716229633436 0.16031789328958898 0.0687281980289637 0.08618015296490121
0.13129807137077631 0.15631190548686447 0.06363079442143407 0.08240911653140907
0.12452633017390292 0.15213107724298183 0.05875967097182149 0.07882772926577222
0.11765575508120887 0.1477798439395463 0.05412970846658841 0.07542207249933293
0.11074022288219078 0.14326362543257162 0.04975237639275263 0.07217659431180681
0.10383258241929634 0.13858897213672708 0.045635577809209585 0.06907450663791563
0.09698363099483386 0.13376374022676055 0.04178360110988399 0.06609826105919321
0.0902411857402346 0.1287972844055148 0.03819717730176471 0.0632300786283231
0.08364927584817408 0.12370065262343805 0.03487363781207799 0.06045250603216763
0.07724747625555915 0.11848676434461042 0.03180716429300583 0.05774896926292671
0.07107039727029264 0.11317055276200638 0.028989118585764546 0.05510429663936153
0.06514733804927232 0.10776905192123334 0.02640843812678022 0.05250518531857156
0.05950210509106074 0.1023014119924906 0.024052079807892802 0.04994058911221159
0.05415299035426656 0.09678882974687336 0.021905493793827866 0.04740201016942195
0.049112897594989074 0.09125438632176187 0.01995310816396195 0.04488368258174648
0.044389600342965525 0.08572279017889599 0.018178805535845978 0.042382641859055166
0.03998611085846644 0.08022002929164886 0.0165663740362421 0.03989868017855364
