0.0518964102420653
0.05190456454759608
0.051929025375137404
0.05196978645960199
0.05202683736606705
0.05210016350009829
0.05218974612218047
0.05229556236623645
0.05241758526220563
0.0525557837626458
0.052710122773329544
0.05288056318777729
0.053067061925685666
0.05326957197519161
0.053488042438913114
0.05372241858369718
0.053972641894003574
0.054238650128851054
0.0545203773822389
0.054817754146962876
0.05513070738172607
0.05545916058146315
0.055803033850762726
0.05616224398029695
0.05653670452614589
0.05692632589190251
0.057331015413457365
0.057750677446329376
0.05818521345543556
0.05863452210717184
0.05909849936368416
0.0595770385791994
0.060070030598290344
0.06057736385594206
0.061098924479296574
0.06163459639093076
0.06218426141354587
0.0627477993759291
0.0633250882200556
0.06391600410919465
0.06452042153689047
0.0651382134366831
0.06576925129243207
0.06641340524911579
0.06707054422398005
0.06774053601789543
0.06842324742681011
0.06911854435315802
0.06982629191711417
0.07054635456755717
0.07127859619264397
0.07202288022985577
0.07277906977542016
0.07354702769298996
0.07432661672147381
0.07511769958191525
0.07592013908331773
0.07673379822732194
0.07755854031163778
0.07839422903214165
0.07924072858356346
0.08009790375866621
0.08096562004584744
0.08184374372510031
0.0827321419622378
0.08363068290135248
0.08453923575541193
0.08545767089496535
0.08638585993489167
0.08732367581914872
0.08827099290347501
0.08922768703601416
0.09019363563581863
0.09116871776920323
0.0921528142239366
0.09314580758122487
0.094147582285493
0.09515802471193321
0.09617702323182868
0.0972044682756258
0.09824025239377006
0.09928427031530948
0.10033641900425024
0.10139659771369941
0.10246470803779274
0.10354065396142521
0.10462434190781182
0.10571568078388432
0.10681458202356693
0.10792095962895101
0.10903473020939274
0.1101558130185788
0.11128412998958101
0.11241960576795583
0.11356216774290515
0.11471174607655406
0.1158682737313821
0.11703168649585637
0.11820192300830035
0.11937892477905476
0.12056263621097155
0.12175300461829004
0.12294998024393523
0.12415351627529927
0.12536356885853941
0.1265800971114536
0.12780306313495604
0.12903243202324183
0.1302681718726392
0.1315102537892255
0.13275865189523472
0.13401334333431328
0.1352743082756476
0.13654152991702487
0.13781499448682794
0.1390946912450523
0.1403806124833347
0.1416727535240341
0.14297111271841484
0.14427569144392885
0.14558649410064742
0.14690352810683868
0.14822680389372245
0.1495563348994192
0.15089213756209466
0.15223423131230665
0.1535826385645774
0.15493738470816007
0.15629849809703336
0.15766601003907763
0.15903995478445682
0.16042036951316996
0.16180729432176036
0.16320077220915158
0.1646008490616001
0.16600757363671453
0.16742099754651277
0.168841175239479
0.17026816398157
0.17170202383613306
0.17314281764266518
0.17459061099436585
0.1760454722144294
0.1775074723309947
0.17897668505068323
0.1804531867306698
0.1819370563491848
0.1834283754743694
0.1849272282314164
0.18643370126787048
0.18794788371703214
0.1894698671593351
0.19099974558161714
0.1925376153341702
0.1940835750854575
0.1956377257744017
0.1972001705601091
0.19877101476894243
0.20035036583878243
0.20193833326040794
0.2035350285158285
0.20514056501346414
0.20675505802005628
0.2083786245891554
0.2100113834860968
0.2116534551092921
0.2133049614077619
0.21496602579471866
0.21663677305714
0.21831732926115813
0.22000782165316896
0.2217083785565195
0.22341912926367397
0.2251402039237268
0.22687173342516057
0.22861384927372197
0.23036668346533146
0.2321303683539166
0.23390503651406175
0.235690820598399
0.23748785318965737
0.23929626664727457
0.24111619294852563
0.24294776352406933
0.24479110908791038
0.24664635946167512
0.24851364339320145
0.25039308836939833
0.2522848204233602
0.2541889639357442
0.2561056414303756
0.25803497336416276
0.2599770779112616
0.2619320707416298
0.2639000647939301
0.26588117004293266
0.2678754932614374
0.26988313777683776
0.2719042032224525
0.27393878528368687
0.2759869754392822
0.2780488606976766
0.28012452332875115
0.2822140405910971
0.2843174844550382
0.2864349213216174
0.28856641173782027
0.29071201010820064
0.292871764403354
0.29504571586532796
0.29723389871045214
0.2994363398298224
0.3016530584878066
0.3038840660189322
0.3061293655235871
0.3083889515628037
0.3106628098527273
0.3129509169589969
0.3152532399916627
0.3175697363009865
0.3199003531746467
0.322245027536856
0.32460368564986863
0.3269762428184066
0.32936260309756527
0.33176265900470275
0.3341762912359147
0.3366033683876351
0.3390437466839364
0.3414972697101659
0.3439637681534598
0.34644305955073795
0.3489349480448815
0.3514392241495523
0.3539556645234144
0.35648403175430843
0.35902407415399207
0.3615755255641194
0.3641381051740273
0.36671151735097246
0.36929545148343246
0.3718895818380638
0.37449356743092915
0.3771070519135817
0.3797296634745949
0.3823610147570746
0.3850007027927681
0.3876483089532579
0.39030339891878957
0.39296552266523715
0.39563421446969216
0.3983089929351567
0.40098936103474864
0.4036748061758859
0.4063648002848188
0.4090587999118493
0.4117562463576559
0.41445656582094853
0.41715916956777493
0.41986345412270887
0.4225688014821697
0.4252745793499623
0.427980141395276
0.4306848275331655
0.4333879642276494
0.4360888648173666
0.43878682986384643
0.4414811475223051
0.44417109393486115
0.4468559336460297
0.4495349200403524
0.45220729580183705
0.4548722933950544
0.4575291355674788
0.46017703587275516
0.46281519921447
0.46544282240999074
0.468059094773869
0.4706631987202339
0.4732543103836848
0.475831600257938
0.4783942338516311
0.48094137236059226
0.4834721733557313
0.48598579148587
0.488481379194561
0.4909580874501644
0.4934150664881312
0.4958514665646624
0.49826643872069926
0.5006591355552731
0.503028712007155
0.5053743261437718
0.507695139956195
0.5099903201592444
0.5122590389954237
0.5145004750415554
0.5167138140169879
0.5188982495921205
0.5210529841960446
0.5231772298220885
0.5252702088300063
0.5273311547436458
0.5293593130427048
0.5313539419474759
0.5333143131952963
0.5352397128073639
0.5371294418448497
0.5389828171529202
0.540799172091593
0.5425778572521013
0.5443182411576769
0.5460197109475725
0.5476816730431038
0.5493035537947312
0.5508848001089595
0.552424880054076
0.5539232834436928
0.5553795223970477
0.55679313187518
0.5581636701920164
0.5594907194994878
0.5607738862458913
0.5620128016066536
0.5632071218868036
0.5643565288944014
0.5654607302843643
0.5665194598720112
0.567532477915852
0.568499571369128
0.5694205540996261
0.570295267077483
0.5711235785305673
0.5719053840672897
0.5726406067665177
0.5733291972345976
0.5739711336292894
0.5745664216506371
0.575115094498863
0.57561721279929
0.576072864494514
0.576482164704071
0.5768452555517606
0.577162305961091
0.5774335114191927
0.5776590937095435
0.5778393006142006
0.577974405585909
0.5780647073908062
0.5781105297223267
0.5781122207870487
0.5780701528631814
0.5779847218325544
0.5778563466869108
0.577685469009384
0.5774725524321219
0.5772180820709671
0.576922563938224
0.5765865243345424
0.5762105092209318
0.5757950835720674
0.5753408307119295
0.5748483516329612
0.5743182642998479
0.5737512029391725
0.5731478173160668
0.5725087719990598
0.5718347456143872
0.5711264300909534
0.570384529897135
0.5696097612707347
0.5688028514432011
0.5679645378594468
0.5670955673944209
0.5661966955676385
0.5652686857569001
0.5643123084123581
0.5633283402721403
0.5623175635806256
0.5612807653105344
0.5602187363899929
0.5591322709355602
0.5580221654923644
0.5568892182823518
0.5557342284616434
0.5545579953879902
0.553361317899269
0.5521449936039318
0.5509098181842254
0.5496565847131337
0.5483860829856948
0.5470990988655942
0.5457964136476136
0.5444788034367434
0.5431470385445107
0.5418018829031405
0.5404440934981054
0.5390744198195849
0.5376936033332679
0.5363023769709417
0.5349014646412681
0.5334915807610289
0.5320734298071783
0.5306477058899377
0.5292150923471226
0.5277762613598999
0.5263318735900745
0.5248825778389765
0.523429010728039
0.5219717964009859
0.5205115462476874
0.5190488586495504
0.5175843187463114
0.5161184982241581
0.5146519551249511
0.5131852336763058
0.511718864142325
0.5102533626947436
0.5087892313040423
0.507326957650353
0.5058670150536823
0.5044098624231056
0.5029559442245265
0.5015056904665368
0.5000595167039538
0.49861782405854316
0.4971809992564141
0.4957494146816288
0.49432342844544425
0.49290338447068344
0.4914896125906807
0.4900824286622158
0.4886821346919175
0.4872890189754962
0.4859033562492627
0.48452540785334974
0.48315542190600597
0.4817936334884191
0.480440264839414
0.4790955255594937
0.4777596128235879
0.47643271160193174
0.47511499488848413
0.473806623936327
0.4725077484994413
0.4712185070803159
0.4699390271827963
0.46866942556968444
0.4674098085244786
0.4661602721167665
0.46492090247075407
0.46369177603639544
0.46247295986265774
0.46126451187241596
0.4600664811385606
0.4588789081607798
0.4577018251426685
0.45653525626869307
0.45537921798059566
0.4542337192528911
0.45309876186704423
0.45197434068397996
0.45086044391458274
0.44975705338786137
0.44866414481646094
0.4475816880592606
0.44650964738070437
0.44544798170671895
0.4443966448768558
0.44335558589251395
0.4423247491610002
0.44130407473520716
0.4402934985487926
0.43929295264663304
0.43830236541041456
0.4373216617792642
0.4363507634652499
0.4353895891636724
0.4344380547580465
0.43349607351970365
0.4325635563019188
0.4316404117285522
0.4307265463771119
0.42982186495627056
0.42892627047774295
0.428039664422579
0.4271619469018444
0.42629301681169507
0.42543277198289825
0.42458110932477816
0.42373792496368434
0.42290311437599876
0.422076572515706
0.42125819393666436
0.4204478729095684
0.41964550353372887
0.41885097984371505
0.4180641959109735
0.4172850459404989
0.41651342436263716
0.4157492259201588
0.4149923457506637
0.41424267946444404
0.4135001232179169
0.41276457378271303
0.4120359286105744
0.4113140858941364
0.410598944623736
0.40989040464034926
0.409188366684784
0.4084927324432574
0.40780340458944075
0.40712028682315105
0.40644328390572676
0.4057723016923035
0.4051072471610264
0.40444802843935096
0.403794554827555
0.40314673681955965
0.4025044861211923
0.4018677156659661
0.401236339628544
0.40061027343594435
0.3999894337766109
0.39937373860748
0.3987631071590764
0.39815745993885227
0.3975567187327081
0.3969608066049705
0.39636964789677226
0.39578316822299886
0.3952012944678674
0.39462395477925577
0.3940510785617881
0.3934825964688509
0.3929184403935356
0.39235854345864973
0.3918028400058064
0.3912512655837088
0.390703756935673
0.3901602519864596
0.38962068982846565
0.3890850107073593
0.3885531560071847
0.3880250682349973
0.38750069100511914
0.3869799690229933
0.38646284806873943
0.3859492749804408
0.38543919763719076
0.3849325649419568
0.38442932680427566
0.383929434122857
0.3834328387680768
0.38293949356442253
0.3824493522729262
0.3819623695735998
0.38147850104787767
0.38099770316114684
0.38051993324531974
0.3800451494815388
0.37957331088296675
0.3791043772777285
0.3786383092919968
0.3781750683332557
0.3777146165737167
0.37725691693396163
0.37680193306677434
0.37634962934115973
0.3758999708266456
0.375452923277753
0.3750084531187483
0.37456652742861074
0.3741271139262839
0.37369018095613965
0.3732556974737389
0.3728236330318284
0.37239395776661216
0.37196664238429555
0.371541658147876
0.3711189768642185
0.37069857087139946
0.37028041302630477
0.3698644766925004
0.3694507357283861
0.36903916447557134
0.36862973774755975
0.3682224308186648
0.36781721941318624
0.3674140796948451
0.3670129882564742
0.3666139221099433
0.3662168586763403
0.3658217757763873
0.3654286516210993
0.36503746480266125
0.3646481942855541
0.3642608193978944
0.3638753198229871
0.3634916755911199
0.36310986707152954
0.3627298749646222
0.3623516802943575
0.36197526440085037
0.3616006089331692
0.3612276958423125
0.3608565073743733
0.3604870260638983
0.36011923472740265
0.35975311645707336
0.35938865461462505
0.3590258328253429
0.3586646349722603
0.3583050451904945
0.3579470478617617
0.35759062760900245
0.3572357692911668
0.35688245799814006
0.35653067904581004
0.35618041797123906
0.3558316605280048
0.3554843926816235
0.3551386006051269
0.3547942706747347
0.3544513894656563
0.35410994374799687
0.35376992048276573
0.35343130681799734
0.3530940900849712
0.35275825779453057
0.35242379763349463
0.3520906974611639
0.35175894530591734
0.35142852936189894
0.35109943798577775
0.35077165969360846
0.35044518315774914
0.3501199972038871
0.34979609080810187
0.34947345309403455
0.3491520733301036
0.34883194092681363
0.34851304543410105
0.34819537653876786
0.34787892406197346
0.34756367795677684
0.3472496283057467
0.3469367653186296
0.3466250793300734
0.34631456079739176
0.34600520029839676
0.34569698852928427
0.34538991630254967
0.34508397454496764
0.34477915429561323
0.344475446703932
0.3441728430278433
0.34387133463189434
0.34357091298545583
0.34327156966095845
0.34297329633215456
0.34267608477244843
0.3423799268532163
0.3420848145422093
0.34179073990196895
0.341497695088263
0.34120567234857957
0.34091466402064174
0.3406246625309484
0.3403356603933543
0.34004765020766087
0.33976062465826234
0.33947457651279844
0.33918949862083475
0.3389053839125792
0.33862222539761494
0.33834001616365594
0.33805874937533975
0.33777841827301147
0.33749901617156636
0.3372205364592995
0.3369429725967528
0.33666631811562325
0.33639056661765343
0.33611571177355964
0.3358417473219708
0.3355686670683899
0.3352964648841602
0.3350251347054539
0.3347546705322816
0.33448506642749926
0.33421631651583833
0.33394841498295136
0.3336813560744582
0.33341513409501816
0.3331497434073902
0.33288517843152376
0.3326214336436434
0.33235850357535385
0.3320963828127318
0.33183506599544543
0.33157454781586104
0.33131482301816506
0.331055886397482
0.3307977327989961
0.3305403571170689
0.3302837542943712
0.3300279193209912
0.329772847233555
0.32951853311433926
0.32926497209037814
0.32901215933255556
0.3287600900547036
0.3285087595126806
0.32825816300343325
0.3280082958640565
0.32775915347083395
0.32751073123825714
0.3272630246180306
0.32701602909804794
0.3267697402013613
0.32652415348510105
0.32627926453938655
0.3260350689862076
0.3257915624782507
0.3255487406977094
0.32530659935505474
0.32506513418775446
0.3248243409589489
0.32458421545608956
0.3243447534895093
0.32410595089094213
0.32386780351199435
0.3236303072225353
0.32339345790903196
0.3231572514728039
0.32292168382820025
0.3226867509007098
0.3224524486249566
0.3222187729426267
0.32198571980028595
0.32175328514709944
0.3215214649324238
0.3212902551033156
0.3210596516018782
0.32082965036250594
0.3206002473089787
0.3203714383514131
0.32014321938306356
0.31991558627695743
0.3196885348823658
0.3194620610210901
0.319236160483564
0.31901082902476385
0.31878606235989426
0.31856185615988186
0.3183382060466187
0.3181151075879751
0.31789255629256974
0.3176705476042656
0.31744907689639745
0.31722813946571515
0.31700773052602343
0.31678784520151176
0.3165684785197545
0.3163496254043779
0.31613128066736335
0.3159134390009914
0.31569609496938883
0.31547924299968716
0.3152628773727645
0.31504699221353427
0.3148315814808265
0.3146166389567598
0.31440215823565354
0.3141881327124425
0.3139745555705559
0.3137614197692739
0.31354871803052964
0.3133364428251201
0.313124586358348
0.3129131405550375
0.31270209704392354
0.31249144714138377
0.3122811818345206
0.3120712917635281
0.311861767203372
0.31165259804473405
0.3114437737741979
0.3112352834536994
0.31102711569914965
0.3108192586582887
0.3106116999877057
0.31040442682900227
0.31019742578411963
0.3099906828897818
0.3097841835910329
0.30957791271387985
0.3093718544370105
0.30916599226255337
0.3089603089859054
0.3087547866645813
0.30854940658607566
0.30834414923475373
0.30813899425772673
0.3079339204297169
0.3077289056169185
0.3075239267398249
0.3073189597350311
0.30711397951601316
0.30690895993286627
0.3067038737310269
0.3064986925089578
0.30629338667480965
0.30608792540209007
0.30588227658429745
0.30567640678858626
0.30547028120844316
0.3052638636154062
0.3050571163098426
0.3048500000708086
0.30464247410501627
0.3044344959949451
0.30422602164610557
0.30401700523352804
0.3038073991474843
0.30359715393849185
0.30338621826166046
0.3031745388204163
0.3029620603096565
0.30274872535841346
0.30253447447205245
0.30231924597410703
0.30210297594780283
0.30188559817733635
0.3016670440890109
0.30144724269228745
0.3012261205208543
0.30100360157380224
0.3007796072569971
0.30055405632475585
0.30032686482192134
0.30009794602647255
0.29986721039273156
0.29963456549535367
0.2993999159741598
0.2991631634799788
0.29892420662161323
0.29868294091407316
0.29843925872820715
0.2981930492418827
0.29794419839286096
0.29769258883350846
0.29743809988752107
0.2971806075087918
0.2969199842426086
0.29665609918932173
0.29638881797067285
0.296118002698932
0.2958435119490391
0.2955652007338924
0.29528292048299676
0.2949965190246131
0.29470584057161325
0.2944107257112058
0.29411101139872076
0.2938065309556202
0.29349711407193146
0.2931825868132669
0.2928627716326134
0.29253748738707236
0.2922065493597098
0.2918697692867074
0.2915269553899705
0.2911779124153532
0.2908224416766878
0.290460341105735
0.2900914053082523
0.28971542562628844
0.28933219020687306
0.28894148407721515
0.2885430892265554
0.28813678469478315
0.2877223466679242
0.28729954858061973
0.2868681612256762
0.28642795287077666
0.28597868938242915
0.28552013435721363
0.28505204926038025
0.2845741935718409
0.28408632493959063
0.28358819934055374
0.2830795712488863
0.28256019381170266
0.2820298190322122
0.28148819796022223
0.28093508088995994
0.2803702175651406
0.2797933573911963
0.27920424965456725
0.27860264374894667
0.27798828940833276
0.27736093694674896
0.2767203375044686
0.27606624330055146
0.27539840789150544
0.2747165864358487
0.2740205359643353
0.2733100156556089
0.27258478711700007
0.27184461467019155
0.27108926564145125
0.27031851065610696
0.2695321239369352
0.2687298836061165
0.26791157199037585
0.2670769759289468
0.26622588708394523
0.2653581022527476
0.26447342368195326
0.26357165938248317
0.2626526234453633
0.2617161363577362
0.2607620253186169
0.25979012455390915
0.25880027563018637
0.2577923277667228
0.25676613814527655
0.2557215722170842
0.2546585040065492
0.25357681641108654
0.25247640149658673
0.2513571607879507
0.25021900555415927
0.24906185708732417
0.2478856469751779
0.24669031736645572
0.24547582122862543
0.2442421225974278
0.24298919681768877
0.24171703077487952
0.24042562311689247
0.23911498446552956
0.2377851376171884
0.2364361177322605
0.23506797251275033
0.23368076236766208
0.23227456056567053
0.230849453374676
0.2294055401877865
0.22794293363534046
0.22646175968258905
0.22496215771265263
0.22344428059443108
0.2219082947351369
0.220354380117146
0.21878273031890622
0.2171935525196462
0.2155870674876657
0.21396350955201116
0.21232312655736846
0.21066617980203564
0.20899294395886092
0.2073037069790732
0.20559876997894339
0.20387844710926695
0.20214306540767332
0.20039296463380352
0.19862849708743474
0.1968500274096515
0.19505793236720284
0.19325260062021715
0.19143443247346903
0.18960383961143745
0.187761244817413
0.18590708167695014
0.1840417942659943
0.18216583682403187
0.1802796734126509
0.17838377755993454
0.17647863189111412
0.1745647277459685
0.17264256478345627
0.17071265057410792
0.1687755001807285
0.16683163572797627
0.16488158596142016
0.1629258857966899
0.16096507585935296
0.1589997020161817
0.15703031489848
0.15505746941816473
0.15308172427730543
0.1511036414718472
0.14912378579024124
0.14714272430773914
0.14516102587709398
0.14317926061642777
0.1411979993950455
