3.909490922742898e-182
1.604738686271417e-31
2.327427722701392e-11
0.0009384973395019655
0.001013586280091677
0.006569205810909601
0.0012396723565201082
0.0013898429187984176
0.007152751596641891
0.007382339940488629
0.01858046998147135
0.01860680067684539
0.018978890310503184
0.024659453474853543
0.02653630337502615
0.02761194252659641
0.03358088717794623
0.029479237636610423
0.05648934535583105
0.08020747545210823
0.09439441743943067
0.10570077223041488
0.12146068895688913
0.14630958236227412
0.17398889191755984
0.18256180783910586
0.1946060284736412
0.20627047098514192
0.22112035517578965
0.21555368882085033
0.2124423393062206
0.20914810836994696
0.22311321586451605
0.22354219228013297
0.2302540857911306
0.2463069530542008
0.24373470532725633
0.25038041718042753
0.2944967978506751
0.32432849541795145
0.32991460439298337
0.3161926662972637
0.3315384475192175
0.3481935204717695
0.4079944332066376
0.3890238010048304
0.3955325329268393
0.37928315174437977
0.3511338519991108
0.37287014239788885
